5.844
9.886
7.638
3.645
6.158
10.671
8.823
5.043
10.429
10.334
6.794
5.305
4.428
5.053
12.065
1.930
3.372
6.072
6.137
7.024
1.735
12.576
3.746
5.082
7.350
5.232
3.871
5.172
10.729
4.605
5.591
5.746
8.279
7.446
7.133
6.305
6.256
6.977
5.120
12.611
13.304
6.547
6.396
6.777
7.783
10.148
2.488
6.926
9.824
8.073
15.972
4.974
10.120
7.894
6.542
5.279
11.910
14.205
3.057
3.065
4.960
8.483
13.482
3.686
10.238
4.609
11.288
5.704
8.149
4.754
5.284
3.656
7.305
9.554
11.508
5.551
7.259
1.429
6.776
6.156
11.308
11.286
6.196
13.250
6.907
4.026
5.886
7.123
6.759
12.400
7.607
16.880
10.070
12.928
16.931
6.645
5.550
10.719
10.152
15.194
6.467
5.690
5.475
8.352
1.255
11.135
7.707
9.451
4.325
4.381
13.780
13.356
11.261
5.685
10.011
8.181
13.459
8.705
12.368
14.765
17.576
7.023
10.432
11.164
10.686
12.817
1.634
6.393
10.246
10.964
3.208
10.690
8.113
1.490
3.578
12.201
11.194
7.149
7.065
7.236
3.884
6.008
10.246
13.670
5.539
6.049
6.870
5.756
13.389
11.022
2.838
5.853
3.546
2.975
2.940
4.715
11.508
6.372
6.035
3.990
6.900
11.015
3.780
6.592
4.467
5.631
7.228
7.009
0.884
12.372
11.106
6.021
9.483
11.056
4.008
5.111
5.688
6.468
10.099
12.107
5.278
6.828
13.298
6.952
16.758
5.273
8.059
2.558
7.744
15.060
7.014
4.597
4.254
6.916
6.143
5.683
14.075
6.496
6.082
4.718
6.357
5.762
6.001
11.394
4.449
14.262
10.842
7.429
17.054
6.724
13.110
6.095
5.109
12.915
7.877
5.559
10.637
8.978
2.659
10.800
5.847
5.703
14.131
5.514
5.857
3.455
11.045
6.660
5.025
10.670
13.054
2.012
6.154
7.980
4.398
6.371
8.563
6.834
10.862
6.523
5.940
6.084
6.696
6.306
15.640
10.883
6.913
13.276
16.792
5.431
7.573
12.062
6.375
5.185
7.023
5.127
7.413
7.478
6.526
4.607
6.104
6.925
10.283
6.744
15.325
13.059
2.958
7.193
6.596
3.057
5.420
4.201
5.891
6.604
11.763
7.181
3.647
5.624
11.464
12.841
15.382
4.054
13.882
5.385
5.821
11.519
1.954
11.890
5.536
9.242
16.688
5.799
9.174
4.669
13.024
11.940
5.206
4.276
18.605
5.943
14.887
10.550
10.616
7.686
10.335
6.863
6.778
6.795
6.320
7.490
5.458
7.771
10.601
5.233
10.657
5.868
11.195
2.705
6.223
14.273
5.752
11.596
12.195
10.641
10.168
0.427
7.349
7.872
5.791
3.611
6.844
8.175
5.616
14.291
6.606
8.222
8.645
6.380
8.405
11.282
5.568
1.267
3.157
17.667
6.105
11.079
5.657
7.566
4.626
12.252
3.376
11.477
4.380
3.767
11.141
4.969
13.498
3.891
2.379
7.809
2.914
5.346
15.531
12.368
6.851
7.108
6.198
14.130
12.427
12.334
2.488
5.937
14.265
6.307
3.299
9.571
12.931
5.889
7.182
12.849
12.174
12.932
1.625
11.054
11.760
13.485
4.613
6.027
6.941
13.585
5.921
11.792
15.269
3.749
8.867
4.685
5.089
5.959
3.520
6.697
14.119
4.843
5.300
4.410
10.815
17.383
8.374
4.334
9.611
2.308
10.805
14.682
9.715
4.417
11.794
14.670
6.702
10.712
6.110
11.634
22.898
12.694
13.296
13.851
5.879
7.820
4.442
6.046
7.393
11.627
11.217
4.461
7.430
5.044
5.324
5.447
5.779
6.773
11.256
5.922
6.380
7.616
6.113
5.075
10.228
5.171
6.672
4.186
9.266
5.917
4.751
5.231
16.445
5.047
6.404
12.084
5.071
5.610
17.666
8.003
3.983
7.060
8.464
10.984
10.132
6.874
5.334
4.777
7.450
5.639
5.295
8.134
10.007
7.829
12.005
8.747
5.295
12.379
5.287
5.978
6.943
5.332
2.053
3.322
5.347
5.348
3.577
2.898
5.052
8.183
5.896
10.721
11.227
7.326
13.117
4.920
6.679
4.004
5.976
15.645
4.849
2.992
5.526
5.078
16.907
6.449
5.373
3.711
13.455
7.209
5.464
6.894
5.948
6.986
7.059
5.573
9.484
1.237
3.740
11.663
8.033
5.920
7.085
12.329
1.754
9.063
6.319
6.775
9.378
5.626
2.283
12.927
14.936
8.045
5.545
2.535
7.008
17.001
9.045
3.883
9.965
5.308
4.848
16.136
7.224
13.167
8.136
5.281
4.938
4.849
3.851
8.966
11.205
13.274
8.498
13.910
5.187
6.945
10.564
5.960
7.068
6.403
6.639
3.166
10.463
7.708
2.637
5.984
12.335
10.704
4.873
14.640
11.437
4.622
13.197
5.182
6.254
15.965
8.424
9.355
13.098
5.319
8.348
6.775
7.557
15.986
5.419
2.938
6.935
5.672
6.689
3.657
4.768
9.910
0.248
2.411
9.030
2.713
10.368
10.382
3.600
11.740
8.531
13.582
5.482
8.777
6.797
11.246
6.357
3.521
5.538
5.275
5.456
7.094
6.449
7.341
4.720
11.277
13.060
2.087
12.100
4.103
3.978
4.606
4.421
11.255
5.638
6.766
13.036
7.059
12.353
5.554
5.600
5.316
3.028
7.667
9.921
5.491
13.023
5.219
10.713
9.198
10.729
5.508
4.050
5.935
10.591
5.914
10.219
6.175
7.638
5.790
3.664
4.771
1.446
6.095
6.120
14.175
8.003
5.253
8.745
7.255
9.762
5.143
5.799
7.834
3.462
9.913
10.801
11.056
16.777
11.808
5.282
6.940
8.874
12.970
11.498
5.973
5.586
4.392
13.545
7.318
5.468
5.215
6.156
8.541
12.886
11.211
6.097
3.513
6.596
12.612
6.841
6.767
5.777
3.938
15.011
7.677
10.489
6.718
11.661
6.604
5.538
2.502
5.031
6.294
5.554
5.283
7.053
2.894
7.319
5.368
3.232
11.286
3.952
8.730
7.844
15.871
6.512
5.064
3.622
13.281
5.722
14.152
5.877
1.422
2.014
12.760
4.999
8.083
9.505
5.445
6.326
17.286
11.085
10.271
9.283
7.445
12.146
5.832
3.199
5.969
3.747
11.133
16.832
12.175
4.532
14.246
6.139
12.985
16.436
0.900
9.500
17.456
10.749
6.718
11.929
5.183
14.140
11.589
6.055
7.439
6.855
9.566
5.852
4.102
5.602
7.426
6.130
5.486
1.215
8.221
4.491
5.370
6.539
6.001
9.667
9.290
13.071
3.661
6.352
2.186
6.699
5.101
6.407
11.388
3.081
8.829
6.622
11.142
12.964
5.911
11.630
11.163
2.914
6.231
10.882
8.411
6.714
2.373
5.808
13.268
5.020
13.652
6.008
5.593
5.213
13.665
3.067
8.289
6.140
10.068
7.612
3.626
6.753
7.678
4.422
3.724
5.325
13.016
9.039
5.383
5.591
5.947
2.520
10.152
6.839
9.337
11.204
11.642
4.087
5.054
3.317
6.307
6.748
6.851
13.329
13.200
9.748
4.610
11.483
5.794
4.031
3.633
5.119
1.940
5.375
9.574
5.261
6.850
5.232
1.230
10.884
5.243
9.367
5.510
6.824
13.905
14.558
5.238
2.552
8.361
6.630
11.837
4.605
5.217
6.341
6.943
8.229
5.061
10.024
7.578
6.491
4.444
8.981
6.772
7.171
11.343
5.367
6.917
11.825
10.451
7.638
6.395
8.303
18.376
10.884
7.319
4.819
4.195
11.832
4.891
11.826
4.325
4.455
7.220
7.434
14.564
7.554
3.206
6.646
4.290
12.973
12.332
6.068
11.446
8.055
9.739
5.671
1.522
7.931
9.210
9.852
18.894
5.387
6.594
10.205
4.941
0.862
7.359
7.471
5.590
10.799
10.303
12.313
5.769
11.822
10.117
2.833
16.307
5.801
1.832
6.747
7.222
5.999
11.303
11.063
15.189
13.011
12.734
2.990
6.139
7.533
8.362
6.021
9.318
7.868
5.154
2.115
6.097
4.907
11.413
14.133
11.457
14.185
6.475
15.853
3.139
7.019
6.407
9.031
3.173
9.328
16.735
5.219
5.515
5.003
8.005
10.965
-0.089
5.134
9.363
10.993
10.064
8.223
7.004
19.305
14.243
8.421
6.034
11.340
6.929
10.069
8.308
5.681
5.472
5.657
6.029
10.600
2.579
6.764
5.095
3.277
6.778
5.786
13.212
11.975
5.997
4.103
14.201
13.871
3.268
5.242
7.247
10.645
8.340
5.105
12.288
2.254
3.222
9.418
5.791
12.952
4.419
5.220
5.060
6.512
5.073
2.524
8.011
6.865
5.186
6.766
3.586
11.037
12.617
7.413
3.519
5.980
7.817
4.817
11.536
5.026
8.541
6.343
3.302
6.441
1.919
13.417
4.672
5.252
6.012
7.044
5.404
2.626
12.444
7.131
7.790
4.039
10.588
6.298
10.900
15.237
7.422
4.551
15.060
12.447
5.302
7.114
9.785
5.776
9.310
6.815
0.080
8.269
5.349
10.506
5.879
5.805
5.125
3.326
10.434
7.424
11.158
7.858
5.635
7.961
10.369
6.672
6.081
7.638
8.290
5.947
10.528
5.865
6.902
3.751
5.397
7.850
2.639
6.158
7.506
15.196
3.915
6.531
10.138
7.202
6.090
5.681
5.725
3.714
5.635
10.550
3.096
2.502
7.479
6.175
7.414
15.258
7.594
6.513
8.138
5.734
5.540
5.441
5.341
7.218
11.281
6.226
5.133
8.839
1.850
1.844
6.735
5.038
6.283
6.077
4.909
5.849
5.627
5.307
9.633
11.955
2.312
6.519
7.269
3.306
6.441
11.034
8.865
8.467
5.396
8.665
7.963
10.932
7.487
7.059
5.552
5.062
5.722
5.424
5.420
6.756
4.980
6.053
12.079
4.253
18.195
2.788
5.130
11.812
4.797
2.198
7.392
11.338
4.823
9.740
10.335
11.474
7.032
3.108
10.887
11.790
4.776
10.541
3.151
8.396
5.859
5.546
9.587
12.906
6.623
8.625
13.178
11.398
8.217
6.955
11.254
6.786
6.216
4.123
2.968
5.707
5.032
6.475
12.347
9.394
6.019
6.950
13.234
6.254
4.410
6.450
9.609
14.733
16.755
6.979
5.246
5.010
5.451
11.539
6.674
13.090
6.557
6.106
7.389
12.556
12.753
2.624
7.549
6.281
18.117
11.675
7.867
6.246
5.773
7.124
4.063
9.901
6.177
9.281
2.987
10.890
13.124
6.079
8.054
7.901
7.370
3.896
6.160
5.486
8.896
1.735
7.999
11.856
12.036
7.752
6.574
10.812
0.936
21.799
9.184
4.773
11.761
3.722
2.904
3.052
0.368
13.689
13.652
6.762
4.225
6.581
6.559
5.369
6.482
13.418
7.505
5.857
4.088
4.692
7.443
1.992
6.899
6.030
3.539
6.571
-1.408
5.634
6.694
2.574
11.008
10.041
6.138
16.021
7.484
5.649
3.267
6.329
8.137
8.326
8.919
14.443
14.569
5.268
5.766
5.824
9.040
9.635
7.606
5.709
7.139
13.101
6.332
7.486
12.703
7.672
10.118
-0.169
6.556
8.121
13.391
5.159
4.970
11.446
11.926
5.520
6.016
10.015
5.344
6.272
9.853
6.287
5.711
12.245
6.489
9.174
13.047
6.653
15.873
5.813
2.798
8.316
1.888
11.219
11.524
4.221
10.432
12.373
7.896
7.460
2.285
12.031
7.962
3.858
15.165
5.039
15.669
7.934
7.726
5.892
16.097
4.874
7.646
11.164
15.265
14.336
4.543
7.614
11.282
1.698
17.286
11.167
3.906
5.705
11.136
6.055
4.128
5.566
10.975
2.774
5.329
5.473
1.975
10.879
2.209
2.912
3.834
9.700
6.245
11.879
7.818
13.168
6.933
5.806
2.156
20.691
7.839
4.871
2.909
8.683
5.557
1.611
9.568
6.092
6.391
5.628
1.609
10.928
10.938
6.258
5.976
3.981
6.922
7.563
3.158
6.586
17.379
4.387
5.780
7.314
10.877
7.342
4.208
11.188
6.931
5.927
14.537
6.157
5.144
6.155
4.454
8.598
2.258
9.640
11.870
5.568
6.510
6.531
7.741
7.584
10.325
6.939
10.098
1.473
14.850
5.473
9.435
10.535
7.300
7.362
5.533
3.775
2.741
4.081
7.428
1.724
11.330
4.918
4.430
7.588
12.054
3.814
3.689
10.733
12.618
5.717
5.180
4.996
8.717
5.924
7.313
1.718
5.437
7.224
10.415
6.584
4.829
4.321
6.804
11.008
5.836
4.092
9.760
4.163
3.332
4.206
4.348
3.877
6.735
5.072
7.461
7.617
5.053
13.357
5.360
5.684
6.312
5.065
7.306
6.911
7.463
18.232
3.809
6.888
9.727
4.703
5.148
7.565
5.486
11.120
6.493
8.398
5.126
5.807
7.413
7.271
7.188
6.010
12.007
13.384
0.572
5.484
5.333
4.407
9.799
11.081
9.424
3.245
8.502
5.412
5.924
8.288
7.222
6.182
4.369
6.783
10.016
16.960
9.224
11.777
11.436
15.617
9.727
2.840
4.032
6.044
10.612
6.930
10.614
1.350
6.036
5.401
9.248
10.070
10.049
10.400
5.510
12.020
4.710
5.573
13.538
5.775
5.354
3.453
5.453
6.560
11.673
4.175
3.835
6.222
12.543
16.803
2.442
6.030
6.700
4.395
5.780
6.039
1.609
4.720
10.808
6.115
5.151
3.602
5.379
5.683
9.593
3.815
13.450
6.067
4.371
9.272
5.480
4.771
8.039
11.129
7.587
6.684
13.004
1.567
5.103
6.335
8.230
3.938
1.286
4.460
6.638
6.382
8.913
12.281
11.594
7.941
12.441
6.486
11.863
1.612
6.374
8.907
5.682
10.492
4.966
8.185
5.400
6.533
4.316
15.032
3.396
10.473
8.450
16.446
16.964
7.129
11.142
9.287
11.252
7.950
4.268
6.811
7.462
11.230
7.775
5.269
3.228
12.722
4.953
4.843
5.139
5.000
6.298
7.246
9.661
4.788
7.774
4.319
15.282
13.982
5.636
0.793
11.490
7.541
4.965
9.362
13.806
7.153
14.534
3.605
11.044
6.021
7.328
9.966
5.510
14.777
9.432
8.574
6.601
2.065
8.080
5.475
9.910
4.717
14.370
9.677
13.352
3.754
5.587
4.171
15.415
8.189
7.685
11.884
6.388
8.506
14.890
7.623
5.598
8.903
6.521
6.105
10.374
6.258
4.710
13.312
5.010
7.033
7.771
5.598
12.090
11.835
4.435
4.330
11.353
3.837
5.049
5.841
13.113
4.707
7.210
6.357
10.063
3.278
6.584
6.345
3.086
7.870
4.343
15.570
11.442
13.999
8.346
5.557
8.188
7.930
17.734
1.661
5.981
5.702
3.102
5.626
6.248
12.651
5.354
5.515
7.335
7.111
3.798
8.392
6.736
7.729
9.792
2.756
8.135
5.314
1.994
6.098
9.971
7.545
5.222
11.164
7.475
5.195
5.637
5.396
12.106
4.622
15.177
8.235
7.218
5.258
6.060
5.577
7.504
3.152
11.623
11.499
14.523
10.465
3.229
4.268
5.262
12.180
3.656
5.078
3.529
5.836
10.683
10.757
5.254
5.801
6.506
4.207
6.901
7.875
9.461
1.913
18.938
14.720
11.790
10.570
5.451
14.465
3.285
4.642
2.209
9.689
6.627
2.492
5.008
1.171
5.973
15.880
4.856
11.485
12.377
14.409
7.357
10.126
11.841
3.929
4.073
3.256
14.576
7.499
3.265
13.700
12.731
5.652
5.904
5.700
4.310
9.485
12.378
3.462
8.640
3.485
7.310
6.177
3.833
19.440
8.045
6.792
11.161
7.870
6.528
5.397
10.944
11.083
5.071
8.168
10.388
12.529
5.625
15.297
5.554
10.605
3.960
3.824
10.830
6.112
3.451
6.596
4.627
5.081
2.092
11.763
10.861
3.865
3.946
11.583
5.104
16.718
7.747
8.477
14.237
3.940
17.584
3.944
5.011
3.319
10.486
11.583
12.338
6.225
5.092
11.380
10.872
5.284
2.908
5.796
11.196
7.033
0.896
10.248
7.809
3.555
3.484
12.073
5.849
6.055
3.832
12.017
5.237
5.586
2.599
13.033
4.334
7.285
3.871
5.574
6.620
7.034
7.964
5.990
8.719
2.659
8.853
4.924
6.881
1.075
11.609
5.495
8.046
6.528
5.791
11.736
6.445
-0.736
5.108
10.999
6.892
6.707
7.955
5.420
5.546
3.661
5.352
11.652
11.157
5.043
10.824
7.924
5.437
5.997
7.635
9.033
5.215
5.161
7.409
0.773
8.271
5.115
15.695
8.066
3.016
5.397
6.153
13.289
12.897
-0.509
2.973
6.302
7.399
10.810
7.212
6.352
8.175
13.278
1.747
6.598
18.504
4.359
2.872
6.715
4.351
7.299
4.275
5.961
11.407
5.120
5.506
14.961
14.459
5.654
7.114
13.738
5.802
7.327
3.450
12.770
4.094
11.476
-0.679
7.139
5.278
1.627
5.692
4.321
4.983
3.652
5.676
11.588
4.457
12.538
6.124
9.487
5.637
5.026
13.057
5.436
8.549
4.946
5.637
12.826
7.028
13.334
5.276
16.040
7.836
8.650
9.709
5.804
6.718
14.121
5.252
5.383
7.157
11.532
2.820
12.939
11.925
12.509
12.380
10.469
12.579
4.908
7.438
5.737
5.542
6.329
3.112
10.517
14.525
10.938
6.913
5.652
6.138
6.189
7.197
9.427
6.085
3.202
3.906
6.610
5.200
5.199
4.757
11.963
6.383
5.616
13.473
15.404
2.279
7.247
4.036
6.616
11.879
8.143
6.422
0.889
11.538
2.809
5.146
6.362
3.062
10.890
6.004
1.199
7.073
5.994
12.714
5.271
5.655
16.117
5.622
0.132
5.090
15.444
8.740
3.892
14.348
16.489
14.968
11.702
13.309
4.781
12.024
5.288
8.961
5.058
4.702
5.383
7.355
13.536
5.654
8.055
5.689
7.648
5.903
13.200
11.292
12.159
10.785
3.142
4.558
11.140
15.438
6.106
4.467
4.613
8.316
5.476
4.079
10.472
5.963
6.874
15.356
5.054
5.544
5.772
8.529
8.012
5.099
12.567
13.383
3.648
5.640
14.285
5.952
7.606
12.517
6.890
5.251
11.107
6.625
7.697
6.733
7.121
12.775
5.687
4.435
3.627
6.761
5.666
7.264
10.290
4.890
4.212
4.271
5.517
7.896
11.564
5.544
6.062
15.471
3.504
5.256
8.051
5.043
7.600
0.125
6.193
5.951
6.190
13.817
8.217
10.994
5.995
11.779
6.714
6.870
3.086
6.875
6.030
10.300
9.992
6.467
5.498
6.893
5.288
10.595
5.960
4.904
6.473
6.254
5.247
11.087
6.163
2.552
3.555
10.332
7.517
11.581
8.974
6.883
11.635
6.200
5.886
7.684
14.580
11.125
2.324
14.165
4.923
13.827
11.127
5.707
4.750
12.275
16.241
3.321
5.881
5.414
5.259
5.349
3.776
5.386
12.837
6.643
5.501
10.486
5.801
6.555
13.094
8.169
6.171
17.480
4.891
7.541
5.864
12.543
13.866
6.925
6.714
13.652
8.144
14.489
6.329
10.226
10.876
4.726
6.571
5.512
10.081
5.101
7.293
6.663
9.954
5.817
13.118
9.833
3.430
7.036
5.461
10.868
9.137
13.276
10.810
2.817
4.131
6.166
13.280
5.165
6.748
5.996
6.405
4.926
7.256
5.554
5.422
5.921
2.996
13.233
8.503
8.064
6.632
11.962
4.859
14.013
2.991
17.301
1.224
0.895
3.307
7.786
5.683
14.853
3.070
6.560
5.400
10.865
6.934
6.615
6.687
3.989
4.789
16.033
3.432
9.733
6.220
9.146
8.671
11.826
5.025
12.759
5.941
5.469
15.224
2.876
5.005
8.094
6.373
5.663
12.977
2.400
16.903
5.744
8.213
4.724
7.415
8.408
8.177
11.794
6.417
14.441
4.343
10.760
9.951
14.828
5.414
5.471
8.152
4.346
10.139
11.345
5.328
4.974
5.618
2.193
5.709
3.074
5.550
4.884
10.798
5.303
15.647
5.086
12.330
2.556
11.131
10.077
10.320
0.648
13.991
6.535
7.454
7.623
8.004
5.096
17.555
11.952
4.738
5.706
3.767
8.444
3.921
17.414
6.402
1.661
6.326
5.399
5.022
5.795
9.768
5.907
6.119
10.426
10.844
6.659
5.780
5.055
6.678
5.180
9.801
9.640
5.296
13.773
11.610
13.925
12.842
8.388
9.350
5.712
8.039
14.144
14.509
5.109
5.307
5.374
7.027
4.642
-0.071
6.122
7.205
12.701
5.013
5.636
5.601
6.109
7.562
12.601
8.868
5.598
7.163
11.019
11.167
5.192
6.053
7.706
7.552
10.204
9.551
12.695
5.066
6.914
7.211
7.186
5.907
4.080
11.533
10.633
5.733
2.469
5.655
5.290
7.667
10.127
5.769
8.828
7.631
8.798
6.117
4.569
7.482
6.670
3.534
4.089
6.043
4.876
5.828
6.462
5.156
16.340
2.810
7.642
5.385
2.169
6.870
13.412
12.634
9.932
4.080
1.656
5.028
26.406
11.495
12.862
1.735
10.583
8.258
10.940
17.307
7.505
11.975
13.959
5.973
12.300
3.284
5.108
6.237
10.397
10.597
9.699
5.122
14.642
7.813
7.934
7.385
8.138
5.530
11.647
6.213
6.093
8.554
6.226
10.584
11.547
8.322
5.850
10.165
20.997
7.118
4.469
7.317
4.666
11.794
13.280
10.734
11.574
6.425
12.622
1.282
5.735
7.275
5.289
10.656
2.937
6.605
12.828
2.323
14.029
5.023
2.520
2.785
9.997
10.318
6.048
8.092
17.395
6.417
14.503
12.187
11.285
1.954
11.970
6.322
3.441
7.500
3.732
6.746
10.657
4.638
15.391
6.553
4.556
10.301
9.200
4.496
6.985
2.585
13.784
4.364
5.205
3.305
5.237
13.981
6.735
13.072
5.900
4.612
7.428
5.802
5.938
13.490
1.239
5.178
7.445
8.964
7.504
13.547
17.959
6.240
5.146
5.068
6.572
4.303
10.435
9.542
10.664
11.384
4.901
5.446
7.584
12.658
6.505
9.921
5.360
11.821
4.010
6.997
7.954
5.679
5.472
9.435
13.688
6.151
5.157
8.944
5.541
4.518
6.211
6.126
6.419
14.947
1.219
8.026
5.758
6.042
6.244
13.690
5.061
6.796
5.641
15.419
13.296
8.021
10.064
3.327
0.683
5.481
6.438
17.501
4.910
7.629
10.638
10.689
5.298
10.990
5.655
11.094
6.087
1.335
5.278
8.034
10.924
7.652
6.452
9.386
1.993
2.859
12.414
5.733
12.133
6.084
6.536
10.965
2.335
8.398
6.651
6.036
5.773
11.715
5.223
13.036
6.505
9.721
8.273
5.212
10.866
10.250
6.444
7.148
6.387
5.476
13.151
11.408
13.538
13.334
4.350
6.301
8.931
6.752
11.825
6.419
8.154
15.230
13.038
3.898
6.295
6.004
5.699
8.053
10.557
6.727
5.232
6.727
4.833
10.357
1.480
11.988
6.541
5.717
14.620
14.841
11.327
3.357
19.233
10.893
3.706
10.538
10.260
5.681
12.285
13.884
1.333
12.365
9.307
14.067
5.287
11.519
5.514
5.704
5.557
3.861
6.264
14.649
7.036
5.272
11.265
5.466
1.207
11.318
5.270
9.323
10.409
10.463
3.949
7.335
12.299
10.214
2.593
1.481
5.201
11.152
2.722
11.883
3.804
5.586
7.053
7.537
5.161
14.714
12.927
1.642
7.638
5.097
6.688
6.515
10.842
12.671
10.433
9.808
12.201
5.356
11.228
5.426
2.457
5.128
11.638
11.653
12.296
4.518
12.273
1.832
5.953
2.566
5.019
4.070
11.997
10.388
7.923
5.144
10.570
13.318
5.140
7.244
10.253
16.186
14.560
10.583
11.883
6.577
9.629
11.259
2.418
8.625
11.600
6.736
8.922
5.780
7.749
10.057
12.265
2.891
6.432
11.828
7.711
11.270
7.562
11.378
10.099
4.485
8.123
6.613
2.869
5.041
5.941
4.734
9.951
7.733
5.905
10.005
3.625
5.042
1.639
6.907
10.176
5.651
2.661
10.008
5.489
6.150
7.061
3.834
5.263
2.578
5.870
5.464
4.259
7.145
4.516
7.979
12.321
8.822
6.478
10.240
7.759
5.285
10.640
5.577
12.953
16.517
14.961
6.551
5.813
8.930
10.501
11.913
5.197
7.656
6.062
14.128
6.511
7.397
1.997
2.812
11.064
5.909
5.316
10.586
2.021
4.280
5.175
7.292
7.586
5.706
3.418
10.536
7.574
5.223
15.640
5.669
3.801
6.841
17.986
3.835
6.908
5.594
7.254
6.701
5.334
11.785
4.662
6.226
10.771
4.078
8.243
10.644
6.880
14.762
2.435
5.172
14.625
5.903
4.900
6.109
6.994
3.822
7.385
5.755
3.309
3.241
11.716
14.511
4.542
5.203
7.121
24.400
5.368
10.534
7.163
6.148
7.437
4.327
6.293
6.616
9.264
3.228
6.061
8.173
0.641
6.392
8.446
4.407
6.833
5.867
11.403
8.199
5.704
6.707
2.804
5.948
12.295
6.572
9.923
6.156
10.174
7.828
5.913
11.264
5.185
4.098
11.379
6.483
8.761
0.477
6.278
11.075
6.841
6.243
2.572
3.451
5.415
14.167
11.041
7.170
5.419
3.756
11.707
7.932
8.147
17.757
3.722
6.707
5.666
5.360
6.312
4.791
5.973
7.521
5.998
6.036
4.970
8.779
12.648
6.128
10.396
6.944
9.561
13.995
5.430
3.784
8.697
7.925
6.789
5.767
4.565
7.598
8.122
6.490
9.043
6.580
7.485
14.183
5.384
3.087
7.926
5.616
8.664
15.874
9.919
9.879
6.571
5.762
8.526
5.998
3.353
4.956
5.885
4.546
9.065
5.265
7.429
5.476
3.973
11.413
12.855
11.153
12.094
6.075
5.885
5.250
6.189
5.440
5.166
7.595
3.145
5.769
11.891
3.902
11.959
5.349
1.328
11.696
11.920
6.420
7.143
5.475
7.390
6.055
3.093
5.399
15.278
6.197
7.177
1.885
13.100
6.879
8.142
3.399
5.653
3.014
8.001
14.849
5.447
6.893
8.108
7.981
4.415
11.662
6.991
3.309
14.722
11.687
5.505
6.184
11.158
5.089
12.451
8.731
9.161
11.680
12.599
5.690
5.868
5.002
5.421
6.223
6.466
7.560
6.471
11.943
4.891
14.826
10.055
5.023
11.377
12.792
11.700
5.502
6.224
1.161
5.472
12.565
6.734
7.318
7.725
5.037
5.126
5.586
4.027
7.624
3.657
5.230
7.263
3.841
4.472
8.846
7.693
4.560
7.334
10.565
11.707
1.964
5.562
9.576
8.322
6.201
8.096
5.453
14.021
4.351
6.161
4.821
0.801
6.453
5.122
1.659
5.139
12.175
5.799
12.179
2.532
14.434
12.227
7.702
11.734
5.847
11.830
11.381
0.985
4.901
11.674
2.002
5.613
2.889
7.793
5.485
0.398
11.369
10.360
6.516
3.052
8.919
8.914
5.670
5.421
9.267
10.389
9.895
3.728
8.633
16.546
13.374
5.226
4.563
12.061
9.961
7.118
9.001
6.503
7.407
5.538
7.323
3.234
3.173
14.696
9.574
4.451
9.218
7.130
15.244
5.234
13.592
5.266
11.421
6.326
5.470
6.449
6.110
10.548
4.854
6.522
3.811
11.175
4.842
14.161
5.594
5.980
7.586
5.519
14.384
5.188
12.486
7.029
10.457
2.511
4.800
11.811
5.142
7.906
3.170
5.056
5.589
5.273
10.479
12.533
4.810
8.318
10.053
5.113
4.668
2.052
13.955
11.719
0.728
4.718
11.448
6.176
6.811
6.745
10.483
5.856
3.563
6.375
5.085
11.607
3.504
13.494
5.413
16.204
5.543
5.711
5.621
7.670
6.812
5.949
5.443
6.257
14.039
7.200
5.310
6.886
4.493
11.647
4.222
5.503
5.620
5.469
13.698
12.732
6.157
8.138
6.507
4.574
17.629
4.986
4.953
11.526
5.355
5.137
5.409
6.533
11.714
5.250
7.858
11.731
6.131
5.773
10.072
10.238
6.252
7.227
11.397
6.074
6.065
6.774
12.202
5.362
11.238
5.944
1.918
7.750
4.945
7.853
5.049
7.332
3.651
3.457
11.517
8.250
12.319
8.684
6.878
9.710
4.281
4.633
2.768
6.222
12.425
5.720
14.004
12.772
7.434
10.274
12.729
3.740
6.902
5.068
6.844
8.563
6.507
5.410
3.447
6.015
7.515
5.739
5.509
4.795
11.025
7.942
10.900
7.427
13.043
9.753
2.717
5.838
6.826
4.607
6.946
4.829
3.250
12.319
3.282
6.701
14.388
5.508
12.694
4.857
2.023
6.901
12.612
6.869
12.409
11.300
10.882
14.355
5.016
6.392
10.305
6.673
15.122
5.186
10.076
6.753
12.602
19.080
4.030
7.016
6.037
7.967
5.878
12.588
1.681
5.300
3.551
7.879
2.477
4.899
4.594
5.414
4.399
13.483
5.137
2.454
4.317
11.921
10.548
6.161
3.672
8.940
2.592
3.887
7.386
13.750
6.084
6.482
13.056
17.164
7.583
10.502
7.485
7.964
11.712
9.452
1.964
9.578
5.563
5.883
5.420
9.768
5.958
6.390
8.052
1.883
6.244
10.642
3.061
6.472
5.323
12.449
6.441
10.257
9.605
5.357
9.994
14.036
10.223
0.664
14.219
5.282
4.393
14.471
3.672
11.786
5.995
6.693
2.956
3.331
11.443
5.335
9.438
12.405
12.543
6.546
10.996
4.665
5.534
10.112
3.861
6.798
3.031
10.091
10.918
6.675
5.674
10.351
5.311
5.984
4.688
11.812
12.069
14.337
7.293
9.968
9.697
5.124
12.942
3.956
2.885
14.407
5.229
13.790
5.175
5.318
12.287
11.613
5.721
5.032
4.189
8.781
10.256
6.168
1.502
7.105
7.436
10.619
3.763
12.592
2.332
7.685
9.005
11.833
8.447
3.216
14.226
13.637
3.425
6.016
6.494
3.587
5.274
11.950
8.495
13.410
1.402
6.626
2.842
7.522
7.041
6.851
7.129
10.540
7.369
6.314
6.783
4.265
2.400
4.855
3.373
11.578
6.029
4.551
6.535
8.319
5.877
11.639
4.031
5.508
5.711
3.377
4.337
8.278
12.256
6.451
15.334
5.303
7.645
5.588
10.783
15.484
8.441
12.872
11.362
11.141
8.833
5.379
10.747
6.744
7.931
13.514
5.924
5.217
10.299
5.417
2.661
7.016
4.778
6.371
6.568
5.695
5.862
5.968
3.745
5.295
5.113
10.438
3.857
15.172
4.437
8.421
8.151
14.787
6.884
5.773
5.841
5.047
7.095
10.061
1.795
15.070
5.818
10.568
4.859
6.422
8.661
8.350
5.436
12.892
7.895
5.743
8.298
5.281
7.223
6.084
10.509
13.422
7.717
5.484
8.097
14.737
7.702
7.943
10.703
13.684
5.740
6.057
15.310
12.336
10.759
5.271
5.329
11.781
7.480
5.457
5.053
1.882
2.850
1.243
3.386
5.703
2.178
1.759
1.681
3.828
6.327
6.239
7.527
11.035
8.659
13.411
14.708
10.088
10.154
4.607
9.710
5.296
6.134
6.723
6.072
3.690
8.222
17.934
6.819
8.467
5.229
2.374
10.701
10.532
8.609
0.967
4.057
3.807
5.986
9.640
14.354
6.682
7.203
11.743
8.297
12.102
7.053
7.106
5.970
10.523
6.245
7.286
4.787
7.070
3.487
8.580
13.126
6.553
3.548
8.866
7.978
11.580
9.272
10.483
11.476
16.178
5.579
16.252
5.384
5.029
10.261
14.414
7.466
8.582
6.671
10.976
7.132
7.758
5.626
11.959
10.604
17.176
5.121
6.252
-0.339
5.289
5.005
3.192
11.001
6.570
4.933
3.242
17.758
10.492
2.533
7.412
6.677
4.929
10.353
17.660
6.151
13.274
6.229
12.357
3.541
0.215
5.023
10.493
2.318
7.454
11.607
4.696
9.795
6.950
7.570
7.168
6.254
5.506
4.868
23.143
5.283
7.325
7.654
2.902
5.775
7.618
11.850
5.344
6.901
19.504
4.319
4.332
7.031
10.927
5.945
4.409
11.150
9.763
9.951
11.361
6.638
5.223
3.944
13.037
5.485
15.385
5.111
10.457
16.433
7.034
6.677
4.658
7.804
9.916
10.682
6.152
5.724
7.454
19.984
6.630
12.721
0.531
12.825
8.948
8.261
11.433
4.744
10.520
10.467
5.902
3.559
4.535
4.206
6.448
8.682
4.893
9.368
5.688
7.008
4.935
6.883
6.689
0.461
15.041
3.972
3.565
10.080
2.661
6.846
11.872
3.701
5.493
15.110
5.972
7.432
9.878
3.487
14.820
7.637
6.866
10.896
13.273
5.546
7.665
12.927
6.630
9.771
4.462
7.089
11.949
6.352
7.650
7.370
6.391
5.502
5.299
4.445
0.980
10.645
6.938
4.695
10.482
3.962
9.587
2.358
6.857
10.247
10.153
4.021
10.794
5.310
4.721
5.375
5.915
5.928
2.348
6.001
5.503
7.942
2.484
10.382
10.039
5.945
11.992
7.384
5.168
4.097
1.826
6.512
4.233
6.441
3.268
2.781
13.838
3.984
16.330
7.806
5.598
3.298
7.562
6.439
4.204
10.942
8.677
4.113
5.382
13.263
8.998
11.045
7.772
-0.095
2.436
7.661
7.673
11.252
6.326
4.857
7.174
15.524
15.870
12.758
4.928
4.531
5.087
5.754
3.169
3.590
5.481
10.494
11.765
10.125
6.994
11.037
5.662
2.132
12.787
1.230
5.334
11.671
10.334
10.279
13.122
6.180
9.954
10.502
8.361
5.447
7.079
9.384
5.155
6.294
10.988
1.260
10.172
4.879
1.775
2.959
13.116
13.824
12.461
8.169
6.686
8.668
2.894
13.553
7.007
10.373
5.802
6.175
13.274
10.880
14.059
11.882
6.113
0.851
5.295
11.303
7.508
5.567
8.212
5.219
13.745
6.341
4.974
2.943
13.110
6.874
10.357
5.595
6.017
5.027
5.451
9.207
11.889
5.241
6.196
15.203
11.100
5.291
11.125
3.999
6.639
6.585
7.728
5.793
7.055
1.295
4.864
5.743
10.567
4.667
6.922
2.371
10.205
5.006
3.052
10.900
10.784
7.307
3.317
9.056
7.358
5.394
9.595
12.212
6.233
6.019
7.741
7.044
9.487
6.082
10.252
11.713
5.185
4.490
10.939
10.183
9.714
5.090
5.588
6.535
5.379
5.402
10.540
6.273
5.175
8.245
5.300
6.963
6.360
5.583
1.849
11.783
21.661
5.590
4.980
7.817
8.559
5.929
6.005
5.732
2.922
5.996
10.918
7.599
4.585
5.823
7.547
7.747
10.298
12.637
14.595
6.352
3.242
4.457
12.412
8.805
12.484
12.222
5.960
6.995
12.037
5.182
9.538
14.234
1.738
2.373
11.487
5.956
12.087
11.427
11.180
10.515
7.754
5.278
5.277
1.859
5.153
4.694
10.457
11.530
2.676
12.323
10.222
4.908
7.971
10.464
5.144
5.848
6.553
0.969
5.200
15.121
5.283
11.103
6.630
6.438
5.409
8.258
8.081
6.207
5.358
8.828
8.463
10.979
13.306
7.711
14.335
3.724
11.414
9.305
6.995
7.382
6.448
5.004
5.275
5.795
7.212
5.689
12.539
5.802
7.491
5.413
8.391
9.851
7.388
5.403
4.092
11.343
10.628
1.346
5.791
11.093
9.880
5.959
3.810
6.355
5.306
5.036
7.430
10.755
4.644
14.305
12.416
3.925
4.389
11.001
7.891
8.312
5.586
7.735
5.350
4.161
3.784
3.521
3.187
11.866
6.754
5.681
6.829
13.857
2.548
5.836
13.729
5.795
3.314
9.089
5.401
6.883
2.894
5.906
9.885
8.939
12.521
13.179
10.431
6.884
9.237
3.605
5.521
13.616
6.449
5.268
5.505
2.802
5.749
16.679
1.546
4.768
4.259
10.046
11.248
5.171
5.056
7.502
3.821
6.881
6.474
4.555
5.562
6.328
7.225
12.960
4.775
1.683
8.019
6.243
2.874
5.741
6.580
6.386
2.633
6.644
5.608
5.353
6.573
5.203
5.784
12.616
10.308
5.960
0.561
7.841
10.349
5.924
12.913
6.024
14.506
4.408
5.151
6.206
7.692
4.025
4.732
2.737
2.905
7.296
6.343
10.852
5.527
14.087
8.564
10.994
0.319
5.417
19.981
10.518
7.979
2.961
13.610
5.909
6.707
5.138
5.507
7.202
5.942
7.656
10.863
9.554
4.557
3.330
10.720
2.040
11.405
6.146
9.661
4.514
11.009
6.014
11.224
10.056
10.164
8.729
5.978
9.075
2.869
4.285
4.083
11.206
17.205
5.661
13.910
3.075
10.750
22.766
9.082
6.425
5.002
3.865
8.487
6.678
5.287
14.943
1.790
5.295
10.479
5.400
4.535
5.849
9.325
10.248
14.693
11.650
10.772
8.257
5.927
6.973
2.539
2.618
7.268
4.161
1.344
8.916
6.012
5.286
6.613
6.327
8.305
5.287
6.263
5.279
11.813
12.123
4.132
4.547
5.899
13.408
8.021
11.629
9.770
3.439
6.332
5.055
6.425
3.493
17.538
10.976
6.933
8.048
6.509
11.692
10.605
7.433
10.045
9.601
3.671
7.497
2.825
2.544
5.004
12.625
7.251
2.486
3.398
11.872
7.647
6.988
4.508
12.081
6.094
8.708
4.005
5.024
8.587
5.368
9.729
6.230
5.568
7.562
6.132
15.055
5.787
5.339
7.869
11.242
11.562
7.949
6.966
10.515
15.054
10.362
6.353
2.106
12.801
5.398
15.186
10.617
6.807
11.501
6.083
6.405
6.913
7.067
5.831
6.347
6.323
8.052
9.925
3.467
11.085
14.066
8.811
6.039
16.633
4.767
12.552
6.811
12.346
15.058
6.369
4.851
4.676
9.219
4.342
10.074
12.825
8.545
6.471
5.607
1.185
15.200
7.301
10.339
3.075
6.333
5.499
5.130
10.591
5.440
3.374
5.766
10.350
5.773
5.767
6.818
8.428
6.743
3.437
6.402
5.325
6.122
5.361
1.537
7.520
0.305
6.096
5.024
7.022
7.851
5.719
6.938
8.879
6.116
10.135
5.946
11.157
20.225
8.506
1.941
10.061
3.941
5.009
4.639
11.519
14.889
7.409
5.519
3.513
12.138
8.019
13.425
10.397
3.491
12.437
1.813
14.786
5.985
16.828
6.512
10.410
4.998
5.350
4.650
8.250
8.271
3.999
5.603
5.835
1.634
3.718
19.167
5.595
8.131
6.455
3.343
12.331
11.308
5.014
11.031
12.694
8.917
8.438
4.334
7.779
4.609
14.966
5.603
9.274
5.190
3.492
7.665
6.675
8.434
3.288
5.798
8.183
5.175
10.353
11.473
6.128
10.819
4.558
11.369
6.233
9.034
9.997
16.708
2.597
5.576
8.174
2.018
10.272
14.509
10.945
5.965
16.201
7.129
7.839
6.501
6.766
10.040
5.372
6.651
11.124
12.208
11.121
11.672
6.480
13.048
7.379
6.090
2.879
3.636
1.003
5.889
14.185
8.886
2.303
1.841
2.577
10.907
5.152
5.952
16.836
8.407
11.707
6.044
7.560
4.756
7.853
8.623
4.205
5.658
10.227
1.672
7.277
5.043
5.093
5.331
6.611
3.980
4.674
7.277
5.597
12.319
12.707
5.615
9.740
12.411
4.292
12.001
11.724
9.174
7.111
6.141
6.015
4.211
11.912
7.515
10.714
13.438
2.013
10.134
2.974
5.175
11.467
12.109
4.585
17.051
12.270
9.861
14.770
8.436
11.348
3.099
3.826
7.365
3.869
7.186
5.730
6.189
5.553
8.114
11.842
1.941
10.857
6.702
13.055
17.496
3.720
3.556
5.988
5.263
3.555
7.627
3.286
5.673
3.294
5.215
8.888
7.331
16.826
2.587
4.180
4.901
6.790
10.645
10.069
13.430
6.960
5.403
13.458
11.613
14.336
8.708
11.547
7.187
10.240
10.935
13.875
6.565
12.855
4.222
6.230
4.376
0.514
12.792
7.780
4.687
16.391
7.097
10.236
4.855
7.308
7.755
3.997
3.066
3.514
13.604
2.699
6.666
8.142
7.118
5.427
8.154
3.243
11.023
14.158
5.728
4.985
6.949
6.450
2.484
4.465
3.725
7.143
7.469
5.936
3.149
10.379
6.005
11.126
5.413
3.587
4.734
2.712
5.535
2.273
6.260
7.895
6.481
13.318
9.244
6.098
6.556
9.155
6.049
6.937
8.575
7.349
6.536
7.427
6.113
11.064
10.338
8.523
11.804
4.103
11.347
9.991
6.637
6.025
8.000
6.670
6.274
11.042
17.461
4.759
5.757
12.020
11.668
6.652
10.768
3.935
3.236
10.791
3.961
15.016
-0.192
5.912
3.096
7.786
5.188
11.857
10.488
1.699
10.172
5.914
5.248
11.475
5.397
6.679
5.151
7.441
5.518
8.500
7.759
8.455
3.151
4.935
5.211
3.692
5.366
5.224
8.703
5.245
3.632
12.268
7.147
8.432
13.223
14.673
14.491
10.896
12.289
4.610
11.245
12.362
9.346
8.310
6.264
10.599
7.364
11.295
6.912
5.999
8.320
4.757
6.400
10.305
5.239
0.217
7.712
9.942
3.862
7.211
5.908
7.543
7.818
6.858
4.361
2.354
5.143
15.970
12.201
6.124
2.619
8.908
6.432
2.759
5.803
8.681
3.887
1.813
1.627
5.151
5.649
5.119
13.523
7.905
7.814
-0.145
6.463
5.760
7.522
9.394
5.663
7.657
3.440
2.050
13.385
9.872
10.285
10.087
11.398
5.791
3.094
5.400
2.680
2.573
5.370
5.563
6.230
7.839
3.333
3.094
14.045
6.688
6.901
1.306
13.179
6.881
6.898
13.826
5.674
6.373
3.464
5.559
6.012
0.361
12.127
9.712
7.703
12.017
4.863
13.857
3.809
8.557
3.809
3.502
6.574
8.112
5.909
10.185
5.136
2.254
6.455
11.498
4.599
6.187
5.879
6.299
3.040
6.563
5.201
5.881
13.036
7.515
10.919
5.039
11.913
6.525
12.783
13.747
5.376
8.127
2.629
10.182
5.055
4.967
13.543
-0.738
5.316
5.733
11.999
14.371
8.248
15.457
16.270
7.923
9.047
2.856
6.652
3.838
3.943
5.323
6.843
5.971
2.525
7.047
2.492
10.608
6.061
6.696
11.748
2.585
6.523
3.948
10.570
7.299
12.974
4.825
5.627
1.210
12.217
5.083
2.521
9.621
8.798
5.351
16.387
5.306
9.581
5.806
5.199
5.420
2.738
11.706
6.367
5.121
5.341
7.860
3.741
8.569
12.249
9.220
14.649
5.457
8.876
6.791
1.073
5.912
1.568
6.290
11.740
5.298
7.040
9.749
10.928
7.693
5.330
10.556
10.297
10.813
5.253
4.506
16.487
10.469
10.292
14.634
10.535
12.319
7.535
5.993
6.407
5.534
15.658
12.914
0.613
7.594
7.072
5.784
2.812
11.600
7.878
12.821
5.438
6.192
3.505
4.167
6.162
12.141
4.441
4.128
3.490
5.086
5.393
10.948
6.301
6.451
5.779
5.543
5.500
5.886
1.398
13.140
6.061
13.204
14.533
6.344
7.251
12.072
15.143
7.526
6.474
3.118
3.902
10.033
8.999
13.607
5.380
2.834
5.328
12.525
12.623
9.075
4.409
7.932
9.130
7.926
9.992
9.424
7.765
7.098
9.478
6.051
7.171
5.862
5.184
12.600
11.545
8.049
10.363
6.478
11.440
13.509
2.031
5.081
7.493
6.626
5.143
6.676
7.280
7.496
6.362
1.957
12.958
7.393
5.558
4.829
10.491
5.307
5.673
7.464
5.978
7.051
-1.518
8.084
6.075
11.456
5.333
14.962
5.382
2.628
7.742
5.545
4.908
14.197
12.641
5.271
5.841
6.517
6.579
5.131
9.661
4.443
4.127
7.928
14.275
6.023
13.446
6.406
14.752
6.326
8.982
8.172
9.159
11.545
7.199
2.824
5.665
2.484
6.659
5.201
4.394
6.357
15.029
7.143
4.405
9.203
11.258
9.622
18.546
4.000
4.771
6.098
5.211
5.350
6.490
3.445
10.386
10.544
5.328
6.863
7.032
15.968
2.885
5.413
13.757
4.818
6.518
5.911
7.600
11.592
6.648
13.191
10.979
9.717
6.823
7.721
9.237
8.676
5.907
5.930
4.890
4.920
4.140
5.098
5.754
12.953
10.182
5.922
11.614
6.245
12.663
8.917
3.117
8.133
10.613
4.241
7.257
9.486
6.454
2.765
10.504
5.430
12.736
4.028
6.403
1.896
3.465
7.418
5.485
2.836
4.722
10.709
4.868
6.260
5.493
5.427
8.880
4.635
6.186
11.470
5.590
12.541
4.795
11.438
8.103
6.870
12.499
3.785
5.546
6.373
1.854
5.273
11.755
8.145
5.316
1.597
5.457
5.134
5.048
3.600
7.682
3.277
3.214
6.964
5.708
3.971
12.022
4.001
4.708
8.503
5.514
8.595
7.782
7.229
17.167
12.610
7.938
5.570
4.170
9.091
12.889
17.977
6.542
5.847
4.887
5.546
5.349
5.603
14.767
8.773
8.649
8.342
0.635
12.333
13.869
15.443
6.609
4.021
13.886
7.157
14.323
5.823
7.572
3.911
6.423
3.128
7.953
5.794
5.332
6.748
7.111
4.099
11.739
8.362
8.283
9.916
5.077
10.171
12.642
15.567
5.710
9.252
8.515
7.892
8.883
5.692
5.572
4.780
5.394
3.563
14.037
3.926
7.377
6.409
10.483
9.141
7.808
12.067
4.552
5.739
7.429
5.488
12.040
10.586
6.610
6.111
5.919
8.648
8.832
4.054
15.331
7.793
5.337
11.929
5.194
7.228
4.876
6.505
5.323
13.776
7.958
7.881
5.100
7.130
10.746
6.687
6.090
4.185
5.602
15.921
7.624
14.049
7.919
3.630
2.747
4.356
15.842
11.026
5.221
11.319
2.547
3.886
2.608
6.892
10.415
11.986
7.086
15.471
7.627
11.021
11.588
12.498
7.385
5.874
15.198
3.950
5.502
14.775
4.207
9.300
5.125
15.057
4.767
5.397
6.973
6.047
10.613
2.991
5.357
7.302
3.871
5.604
14.555
7.030
4.131
13.342
5.119
7.136
12.443
5.056
5.798
6.086
8.130
5.836
7.752
10.262
6.767
8.282
6.717
9.028
7.955
8.003
7.428
5.842
6.925
3.415
2.611
11.438
6.192
11.781
6.886
1.612
6.556
10.160
4.893
11.754
0.657
4.861
10.219
5.472
1.064
11.587
5.263
11.869
4.867
10.446
9.719
6.046
11.600
5.256
5.159
4.936
14.223
2.552
4.281
5.851
5.353
9.278
8.033
11.418
15.196
2.029
0.511
5.338
7.381
4.349
5.774
8.106
5.453
10.456
4.103
6.024
24.807
8.583
9.013
16.280
2.021
4.535
11.886
5.738
7.427
12.556
6.672
7.660
7.457
10.586
6.861
18.093
5.849
14.617
5.645
5.930
4.793
15.107
3.271
10.206
1.702
5.408
6.450
4.115
3.713
5.703
3.928
1.712
11.269
7.660
6.388
6.645
11.046
13.721
11.581
5.930
10.818
4.184
12.389
5.500
16.845
5.192
6.537
7.862
4.360
10.172
4.811
4.128
7.357
5.305
12.735
5.209
8.179
6.627
10.568
5.600
6.251
6.483
6.196
13.743
5.271
3.804
1.230
16.658
17.655
6.467
9.827
10.664
18.131
12.380
5.674
3.171
5.898
6.552
10.380
4.149
6.402
5.801
10.386
3.667
10.052
7.419
8.711
5.241
1.475
6.622
11.456
9.989
6.586
4.921
5.216
6.266
7.796
5.170
7.013
15.580
5.191
0.383
5.100
8.684
6.652
7.512
9.095
11.366
15.869
8.562
4.718
5.260
7.375
5.801
3.732
5.747
6.276
5.517
8.826
5.757
11.935
11.423
6.561
4.134
5.819
4.119
5.032
11.005
5.859
5.967
10.824
3.272
8.011
7.174
8.518
5.260
4.510
13.762
5.829
7.387
3.876
3.572
7.637
7.429
14.509
7.378
14.138
4.724
6.301
5.544
7.526
6.560
5.444
3.339
11.999
5.745
2.975
11.540
6.917
13.866
8.350
7.253
8.698
9.357
12.876
5.034
5.353
6.236
14.312
9.349
5.537
7.091
5.467
1.524
6.203
4.198
7.623
5.292
11.223
12.024
12.136
10.086
6.333
4.867
7.233
18.768
10.923
1.249
8.048
5.023
10.241
5.320
7.358
12.302
3.831
5.919
10.063
8.205
7.896
12.065
11.283
5.627
7.534
4.135
5.326
10.514
12.533
8.430
5.912
3.592
7.134
14.197
3.952
13.041
10.650
19.966
11.988
11.213
4.394
5.009
6.418
5.775
5.443
15.350
2.637
5.177
11.189
10.610
11.978
7.238
6.664
5.019
1.416
4.122
13.882
5.525
12.198
2.195
4.855
13.356
7.241
13.141
6.574
11.305
9.411
6.201
4.471
7.831
11.351
7.004
10.389
5.921
5.538
2.325
5.340
5.259
10.058
5.804
16.601
5.223
6.898
10.472
3.042
5.306
8.953
2.812
6.219
10.126
12.209
5.113
7.497
5.450
12.301
12.349
11.673
3.895
2.814
10.454
5.574
7.788
7.118
9.019
13.512
13.933
5.809
5.756
5.709
9.260
3.076
5.186
8.695
4.731
7.700
12.754
12.282
11.546
16.308
2.904
5.655
7.563
11.697
1.276
9.144
5.329
4.953
12.129
4.507
0.557
10.128
5.560
16.038
3.337
6.058
11.682
5.926
3.816
13.760
14.081
6.593
3.195
6.223
17.059
6.818
7.180
3.362
9.777
6.374
2.569
14.723
12.364
5.281
2.197
6.842
14.225
3.201
1.429
10.501
10.032
7.624
6.425
7.287
4.229
5.120
5.533
3.295
6.224
6.662
4.538
5.188
12.397
3.525
13.711
5.161
7.255
5.489
5.649
2.669
10.585
7.890
8.082
7.311
5.915
4.970
7.289
5.569
5.443
5.580
12.630
11.476
3.446
1.462
7.055
5.072
9.974
4.442
8.921
6.004
5.903
15.792
2.171
4.677
5.170
11.183
12.372
5.411
6.889
5.641
2.757
6.760
5.517
6.128
3.242
9.720
7.221
3.285
3.421
5.631
6.264
5.306
12.162
7.975
5.461
4.239
5.143
5.287
3.011
13.289
8.143
5.723
7.797
7.636
4.049
4.507
14.146
6.212
13.453
4.651
12.502
4.572
12.595
4.717
6.756
2.571
12.413
6.299
7.052
5.302
12.689
11.204
3.934
10.178
6.169
6.187
11.206
16.355
10.741
5.564
10.119
6.681
13.847
13.786
11.729
5.323
14.062
5.033
1.841
0.183
4.654
8.632
9.874
13.704
6.312
12.855
5.452
8.309
6.243
4.506
7.494
4.430
3.737
9.164
5.472
5.593
7.969
7.248
11.923
5.364
-0.541
7.323
11.325
5.043
11.617
10.563
5.999
2.519
9.892
8.636
5.709
13.355
4.553
2.432
8.356
7.732
2.685
3.998
3.393
5.680
2.938
6.580
7.280
16.969
5.756
18.542
3.095
5.454
6.475
9.176
10.983
2.680
5.047
6.533
5.187
1.871
10.913
5.798
11.148
5.266
5.729
12.084
15.491
12.434
6.046
5.479
5.053
11.531
6.770
4.825
5.321
10.916
7.487
13.428
15.388
8.974
5.046
6.457
12.613
4.837
7.462
7.136
6.314
15.606
12.573
13.688
6.865
10.026
4.896
6.209
13.432
18.675
4.231
3.931
14.297
4.006
3.177
8.466
7.751
9.345
7.516
2.471
6.404
6.961
5.205
2.809
4.514
4.647
7.186
11.718
5.438
6.516
5.205
12.467
6.354
6.717
5.172
5.778
7.776
5.541
6.796
1.247
4.953
11.509
10.953
9.406
2.430
7.568
8.859
7.689
11.977
9.269
7.638
3.147
6.325
12.971
5.226
13.018
3.882
3.869
4.970
5.102
4.093
14.492
7.484
8.551
2.724
6.419
2.181
10.635
7.079
5.676
12.599
12.414
7.467
8.541
16.784
3.560
7.481
0.884
14.164
5.474
12.310
7.242
5.119
3.843
4.435
10.438
4.856
3.170
5.655
1.934
10.704
11.773
4.075
3.284
2.053
10.994
7.455
6.842
13.938
5.289
2.123
7.274
16.046
6.531
2.787
12.245
6.628
11.966
5.331
9.936
7.409
5.999
8.845
5.156
12.472
15.804
9.957
7.583
11.272
0.882
5.272
13.718
5.940
5.813
10.481
9.474
7.547
6.072
10.214
5.259
5.397
8.333
7.803
14.366
6.135
4.882
4.738
11.535
12.934
6.730
4.295
5.741
14.071
4.740
5.522
5.327
4.880
7.081
8.220
9.505
11.105
4.941
5.595
6.776
12.875
15.873
13.647
5.707
5.783
10.893
4.775
6.786
8.599
12.677
9.372
4.748
16.998
6.566
5.326
7.547
9.698
6.809
10.533
2.157
6.538
5.918
14.876
6.642
5.237
5.249
5.883
8.669
4.359
7.670
8.411
7.631
7.310
4.531
6.528
11.912
7.449
5.897
14.002
6.811
5.270
10.358
4.210
14.831
6.472
4.753
6.356
5.368
-0.188
3.254
13.916
5.792
5.550
6.370
7.287
5.432
2.552
10.470
3.303
11.458
2.759
5.511
12.183
5.074
11.356
5.514
10.711
3.051
8.480
10.714
4.738
11.027
5.658
6.342
4.380
6.364
6.716
5.656
16.117
5.100
9.152
10.774
3.274
5.039
6.979
5.861
15.406
12.847
6.384
11.522
2.568
5.557
2.763
5.819
17.796
5.069
8.673
10.941
4.109
2.392
6.778
5.717
11.825
7.106
6.496
8.015
12.085
11.339
2.794
6.601
10.353
10.571
5.854
8.031
4.575
5.019
7.587
13.744
3.869
9.631
2.833
4.597
1.722
6.782
0.287
6.081
8.049
4.231
12.663
5.588
15.437
15.543
8.239
4.493
15.933
4.024
7.812
12.364
1.059
6.100
5.720
10.721
2.734
12.515
5.294
3.847
0.602
8.134
6.094
10.989
1.028
7.509
3.813
5.066
6.089
7.199
5.897
9.930
6.392
4.136
5.962
6.527
12.452
21.289
9.582
5.886
5.119
7.449
13.275
7.334
7.190
6.334
6.332
10.697
6.748
3.717
2.898
7.553
15.417
7.969
5.047
4.929
3.581
5.202
5.748
5.013
11.159
5.003
8.301
11.815
7.872
15.855
12.023
5.951
10.462
4.087
11.715
8.690
10.238
7.752
4.211
10.731
4.001
8.740
3.670
10.090
12.336
3.402
2.512
7.841
11.408
14.162
10.168
0.369
6.339
4.042
3.143
14.189
13.698
5.120
5.292
6.475
12.472
4.717
5.555
5.501
8.749
6.984
6.109
7.778
10.972
7.837
4.005
10.205
5.058
2.144
5.384
5.276
5.563
5.686
6.054
4.288
3.979
6.000
2.636
8.697
14.110
6.234
9.721
4.773
2.938
14.444
10.275
5.519
3.957
6.299
5.674
6.425
10.137
5.448
11.185
9.389
10.379
6.318
5.356
4.593
6.832
5.859
6.065
7.646
3.666
7.410
6.044
4.389
11.544
9.076
8.147
12.916
10.976
10.013
6.430
7.607
12.182
13.906
13.056
4.659
4.925
13.990
2.663
6.046
12.193
11.867
5.477
9.127
5.659
5.072
4.113
5.220
4.310
6.531
11.275
6.505
7.100
5.488
7.006
6.928
14.673
11.894
2.181
13.420
5.749
10.997
12.091
6.029
7.256
4.055
-0.481
4.960
11.701
11.463
11.958
5.057
10.419
8.076
4.542
5.343
0.935
8.502
2.002
5.558
12.182
3.036
7.617
3.932
10.189
5.783
3.962
10.684
4.868
6.578
3.276
5.558
7.137
3.065
11.492
7.692
20.240
4.831
12.810
7.092
2.876
13.170
-0.931
12.727
8.363
5.864
4.824
12.805
6.658
2.356
6.968
6.315
4.121
4.051
10.188
5.515
7.342
3.295
5.558
5.286
2.502
16.008
3.862
6.403
5.116
7.235
0.919
7.126
5.313
5.812
5.502
5.229
7.079
13.300
8.611
3.797
9.229
2.679
5.649
7.885
2.971
8.001
5.412
5.114
6.474
10.273
7.157
4.896
5.906
11.497
11.152
5.717
6.364
10.499
6.138
12.928
6.724
1.567
6.438
10.219
6.675
14.992
5.042
7.053
13.373
5.033
6.594
5.382
8.457
16.134
10.189
7.326
7.806
10.668
8.329
5.052
13.037
7.959
5.444
7.932
10.658
9.663
11.958
6.460
5.637
8.330
13.255
5.275
10.934
7.527
4.864
13.585
16.182
12.866
5.809
12.234
13.236
7.300
6.841
6.094
5.713
6.441
3.918
5.962
3.327
11.050
10.392
5.619
3.933
10.070
0.067
13.990
14.196
6.987
5.967
10.658
3.683
5.481
11.022
10.399
7.321
13.069
10.128
9.982
0.821
14.439
4.346
14.109
13.342
9.589
3.390
4.300
6.326
15.962
5.330
6.177
4.799
3.203
8.481
9.307
10.186
14.191
6.307
5.617
6.181
5.867
2.620
6.087
6.332
10.808
5.258
2.342
1.945
4.771
1.357
7.701
6.655
14.232
2.595
10.324
12.075
6.316
14.454
11.320
7.077
6.767
2.078
14.556
6.233
10.429
6.550
5.063
6.233
17.873
5.147
2.331
6.515
10.530
3.922
10.253
8.537
6.858
4.112
7.805
12.747
5.302
5.761
10.083
8.909
11.490
8.422
9.800
6.497
2.877
6.096
1.019
5.059
11.308
5.184
2.133
6.761
8.737
10.855
10.155
6.230
7.133
12.784
3.951
5.188
7.496
5.658
1.911
8.271
16.089
7.005
5.245
6.675
12.729
8.486
5.078
8.680
4.871
7.479
11.611
11.395
13.933
6.666
1.669
5.861
1.384
6.370
13.602
12.078
1.804
7.586
10.128
7.318
22.887
7.824
13.088
5.357
4.370
16.202
6.936
6.424
7.847
11.602
5.485
5.935
11.966
12.115
6.721
6.000
4.726
11.498
11.991
11.249
6.295
6.177
3.850
6.579
4.448
9.426
6.421
5.440
4.328
10.835
10.247
5.281
5.035
5.374
12.429
12.921
5.553
2.582
3.832
9.882
5.821
8.637
7.737
12.903
4.313
7.264
12.423
9.385
4.725
15.105
6.808
9.799
5.229
7.364
9.719
5.384
4.807
15.411
5.527
6.196
9.152
4.389
5.501
4.680
2.819
6.908
6.190
5.929
5.330
4.782
2.413
15.211
4.775
5.573
21.199
10.163
14.115
1.753
3.224
4.745
5.384
5.073
10.595
16.195
3.798
8.336
14.446
11.526
10.488
5.865
6.363
5.061
6.050
11.480
6.598
5.100
8.326
5.312
6.321
5.392
6.392
2.464
12.703
3.014
4.214
4.095
5.371
7.255
3.791
3.140
3.752
3.629
6.589
14.992
11.148
-0.079
2.033
3.827
2.721
4.943
7.210
6.488
10.409
9.953
9.430
3.437
15.501
6.232
4.879
10.913
6.253
5.016
11.583
9.091
6.767
4.692
4.331
6.466
6.337
9.718
6.051
5.309
5.191
7.659
5.993
11.544
5.685
6.139
9.873
10.050
11.802
6.048
4.729
9.974
12.449
3.074
2.853
7.368
10.750
4.569
8.575
7.177
6.961
5.327
6.448
11.930
6.173
5.844
9.366
4.852
7.092
9.776
7.639
6.983
3.538
5.506
4.990
7.686
5.390
6.188
5.413
9.124
5.561
3.595
5.153
5.510
11.873
6.558
14.222
5.209
4.352
13.148
5.880
3.973
7.128
9.915
6.540
6.827
0.474
5.978
5.433
14.199
7.209
10.354
4.504
7.092
5.901
8.255
4.329
5.612
10.297
16.327
6.061
6.913
6.436
5.816
9.986
11.031
4.797
4.380
14.339
5.080
17.950
7.484
7.540
5.927
5.519
11.149
1.938
7.257
8.431
13.546
4.884
3.448
6.159
5.733
6.818
6.257
5.289
5.979
11.964
11.710
6.147
5.729
5.638
7.984
8.010
11.690
5.864
9.176
5.879
15.363
6.234
8.806
2.821
4.465
5.477
3.538
7.795
8.455
12.069
5.278
1.710
10.961
7.246
9.537
5.089
7.080
8.399
6.992
2.347
5.734
5.397
12.225
6.693
3.811
2.004
6.195
12.347
10.678
3.936
3.764
3.983
5.589
6.779
5.415
7.800
15.586
13.793
6.796
10.091
5.884
7.327
7.301
10.356
5.871
11.384
5.251
9.778
13.164
4.502
6.076
5.669
11.840
12.639
11.486
1.724
11.674
5.041
11.914
13.359
5.364
6.779
2.682
6.837
15.013
8.650
5.202
5.565
6.134
4.582
13.956
4.081
4.829
5.877
6.331
6.410
5.006
7.030
7.433
8.657
5.897
2.759
4.504
11.124
5.839
9.651
9.535
7.551
6.230
13.869
6.890
8.698
15.030
7.470
6.011
11.125
6.875
9.338
5.512
11.013
5.901
10.312
10.910
10.722
5.466
1.632
11.348
5.975
4.214
3.808
6.434
3.665
10.917
10.357
6.949
7.085
10.627
17.546
5.149
10.155
5.839
5.020
15.192
9.731
7.665
10.303
12.458
5.820
6.293
0.125
8.465
7.210
3.439
6.531
6.323
7.693
10.076
14.577
6.718
10.738
24.165
6.381
6.463
6.024
5.837
6.858
14.505
5.576
8.732
2.139
7.642
5.782
11.869
5.034
8.217
9.095
5.078
6.532
5.594
11.532
6.398
13.467
6.974
11.322
12.564
10.604
3.105
4.626
10.088
4.529
9.783
5.446
6.644
4.562
6.071
3.716
7.495
4.681
11.619
13.197
15.640
13.027
6.604
9.692
7.964
5.613
5.950
12.035
11.299
5.805
12.490
5.278
7.217
3.133
3.976
11.973
9.832
16.122
5.011
6.742
5.942
14.019
12.036
6.378
15.967
6.651
8.937
3.677
6.378
9.199
18.146
2.403
5.214
4.194
10.406
0.768
10.828
14.718
11.390
11.901
3.491
15.708
7.129
3.389
2.332
3.082
10.742
11.005
11.265
4.079
5.116
5.663
25.314
3.884
18.929
7.403
3.425
2.983
5.472
7.019
2.702
5.053
2.170
6.729
11.366
12.564
3.857
3.942
3.494
6.338
5.482
5.705
4.335
3.557
13.599
0.480
9.061
12.137
5.219
10.548
8.048
4.480
5.904
15.788
12.455
3.805
10.928
4.361
6.331
5.100
10.623
5.141
7.405
5.272
7.421
8.454
9.316
6.735
6.596
4.433
8.303
9.872
8.773
5.359
1.726
5.090
3.011
4.892
5.483
5.100
7.568
11.887
9.094
9.963
5.005
5.990
14.693
5.757
9.478
3.252
14.849
0.587
12.386
11.250
7.456
9.673
11.306
2.859
5.729
8.022
8.508
4.594
7.823
5.634
6.009
10.091
7.059
9.663
3.063
4.660
11.114
10.646
12.330
7.699
5.218
4.292
5.704
6.532
14.486
4.798
2.280
4.105
1.698
10.421
6.591
13.524
10.650
16.144
5.984
12.118
10.284
6.658
11.770
3.460
11.160
10.666
7.655
11.224
4.905
5.399
6.272
6.301
13.941
4.666
6.025
15.460
6.668
14.514
4.256
4.661
5.374
5.456
9.199
10.187
7.364
9.330
14.542
2.035
12.887
7.568
6.617
4.366
3.559
2.575
8.743
6.554
5.570
3.114
6.455
4.332
1.948
6.809
5.457
13.113
8.463
4.508
5.916
7.210
3.886
6.764
10.896
5.269
12.421
12.890
13.722
5.332
6.270
5.794
11.471
9.189
3.323
5.149
10.797
11.326
6.518
5.177
10.690
13.644
12.857
12.255
4.296
7.247
-0.982
3.021
5.511
13.578
4.550
6.159
12.110
9.038
8.889
9.283
10.792
13.316
6.137
12.681
8.047
2.886
5.151
13.178
5.115
3.905
10.209
9.645
5.365
6.420
5.090
8.262
1.713
9.110
10.127
7.784
1.352
6.963
5.460
7.836
13.200
5.352
6.042
4.088
10.953
18.330
12.954
4.760
5.349
5.007
5.328
11.082
14.990
8.336
14.370
7.294
5.980
7.179
8.702
10.233
4.666
5.212
6.149
9.844
10.830
6.648
3.562
5.985
5.454
6.774
10.724
1.875
5.508
7.985
5.376
6.067
13.747
5.847
15.681
3.941
11.251
13.029
5.901
6.792
7.125
4.345
11.601
6.370
5.572
9.640
9.126
5.968
3.545
4.623
10.920
5.584
8.060
2.441
6.181
5.719
5.873
14.506
9.020
12.322
7.887
4.475
10.758
5.389
13.810
15.114
7.095
7.236
10.411
7.125
1.140
11.573
11.821
11.947
6.051
1.430
5.051
6.779
13.854
7.689
12.008
5.660
5.562
4.272
5.142
4.839
11.654
6.669
5.097
11.197
12.798
3.598
12.620
6.133
5.302
4.793
8.019
5.336
5.688
6.854
12.919
7.872
4.427
5.913
6.163
5.615
8.235
8.275
10.473
11.049
5.480
7.001
3.210
7.358
7.318
6.268
5.691
3.322
12.697
8.690
7.249
11.000
8.193
2.603
16.048
9.991
6.971
5.496
14.042
4.747
3.717
6.076
6.570
9.547
7.439
1.438
17.895
5.730
5.718
11.627
5.374
5.464
7.148
2.610
4.086
7.531
5.680
11.670
4.441
13.003
6.285
14.989
9.958
8.115
8.747
9.382
4.005
14.783
3.940
9.619
8.438
2.519
6.107
10.011
5.163
3.762
9.966
6.972
7.645
12.453
5.759
11.421
3.443
12.938
2.148
9.750
6.044
11.793
5.970
16.135
4.686
5.119
6.044
6.462
5.413
10.600
7.104
9.102
5.622
5.924
15.027
12.019
13.150
17.756
5.249
13.565
3.265
5.622
5.480
11.832
6.066
2.906
2.216
5.146
5.366
8.890
8.302
8.924
12.440
0.869
10.122
10.495
2.606
15.984
8.100
7.171
8.702
2.167
4.535
8.666
16.341
12.078
7.019
8.786
2.472
3.741
6.900
6.358
11.411
6.564
7.689
10.952
3.730
4.960
5.999
5.368
5.539
7.154
5.768
6.458
7.075
16.583
4.937
6.170
6.417
6.211
5.548
6.269
8.519
5.264
5.987
6.458
6.494
5.144
18.859
12.229
6.600
5.010
14.224
6.374
7.619
7.782
1.963
9.781
7.318
10.690
5.387
15.252
6.514
5.609
6.278
2.233
10.048
13.167
5.248
6.525
11.629
12.201
7.615
2.298
10.783
0.862
6.106
6.819
12.395
2.194
7.163
13.676
2.484
7.846
10.413
7.848
10.586
7.036
3.682
5.058
5.840
5.342
5.631
4.915
6.141
3.376
11.924
16.183
7.079
18.009
6.009
3.127
12.960
10.347
11.886
5.131
10.871
15.754
1.262
6.051
5.240
12.159
6.385
6.988
6.218
7.246
8.447
2.108
12.374
10.512
4.915
4.602
7.077
8.218
8.075
17.423
6.226
12.038
5.403
9.562
15.379
12.701
6.681
12.062
10.049
5.579
6.057
7.023
5.978
5.862
6.819
9.756
11.205
6.393
4.154
0.760
13.319
6.943
6.523
7.638
14.125
11.678
5.904
4.844
8.597
9.675
7.379
6.829
11.100
5.547
7.962
5.739
12.670
7.648
11.438
11.721
14.796
10.112
11.549
10.188
6.863
9.018
9.808
5.756
1.800
3.021
9.833
6.770
8.506
3.709
6.863
2.123
7.205
15.329
5.993
5.324
3.795
9.809
5.113
3.523
4.774
10.870
17.136
5.680
6.241
3.057
1.731
7.294
6.478
5.138
4.485
8.473
5.482
10.587
6.620
1.183
12.403
6.010
3.453
7.956
6.046
4.839
3.474
7.136
7.218
6.300
11.795
5.136
15.085
3.751
17.835
3.675
8.209
12.873
3.723
3.561
6.328
6.906
6.010
10.990
11.630
11.948
13.656
7.510
5.051
8.081
5.800
12.059
6.149
13.119
3.812
14.421
5.662
6.436
5.182
7.332
13.660
5.625
4.859
4.496
5.255
7.392
14.167
2.713
7.783
8.145
11.971
2.546
5.452
5.096
5.678
5.408
6.255
6.824
3.280
5.408
5.490
6.050
8.661
7.130
10.904
6.042
6.144
5.926
5.395
10.334
13.246
12.558
5.358
8.323
5.298
3.293
4.786
11.044
7.290
4.358
6.355
5.935
5.022
5.210
5.968
10.834
9.784
4.619
13.671
11.752
11.422
9.849
9.296
11.338
12.673
11.927
10.319
2.242
19.645
0.751
8.959
8.646
2.325
7.742
7.612
14.820
13.589
7.485
4.181
10.578
7.567
5.743
10.236
4.794
6.846
9.686
2.445
11.738
2.714
13.082
7.093
7.064
8.371
11.858
10.171
9.068
5.557
8.475
5.414
6.229
5.144
6.732
5.783
4.721
13.555
11.257
5.114
8.131
6.488
13.431
11.124
5.265
2.738
3.195
6.286
11.049
10.699
5.285
9.410
6.383
10.555
6.149
15.156
6.007
16.494
6.521
11.659
5.169
4.062
7.837
7.893
3.103
8.033
10.641
13.940
6.897
5.139
4.864
10.448
5.013
5.079
3.214
11.992
6.162
12.106
5.197
6.247
13.790
0.851
6.923
4.797
4.937
9.101
7.384
10.312
6.402
3.933
14.454
5.504
13.849
5.290
11.194
1.670
14.537
2.458
10.536
7.737
10.471
5.519
10.239
12.700
12.719
13.540
5.982
4.694
9.771
10.834
5.290
9.683
7.032
12.701
3.370
11.449
20.529
5.129
12.895
13.401
0.712
8.702
2.642
5.463
7.607
5.029
0.545
7.080
10.319
7.676
20.112
3.572
1.888
2.564
9.922
9.045
5.830
5.971
2.780
4.765
6.367
5.327
7.349
5.072
13.397
12.133
10.462
11.193
11.852
9.763
3.599
10.242
13.851
6.829
8.905
5.814
9.116
7.633
5.545
9.949
4.536
7.674
5.273
6.682
9.879
5.247
7.437
5.196
12.065
5.291
5.905
5.261
5.935
4.916
7.351
8.009
17.687
8.761
9.842
17.575
12.547
5.107
5.447
10.671
14.815
5.367
9.061
8.145
5.972
12.729
6.993
11.877
6.426
3.726
4.111
5.355
12.776
7.158
5.091
7.741
14.902
5.728
14.543
5.910
5.083
6.403
3.156
11.419
5.628
5.932
9.684
9.374
3.106
5.927
5.667
9.028
13.027
7.305
6.584
1.270
5.114
15.946
9.193
6.517
8.824
11.790
4.516
0.400
6.048
5.976
6.369
8.741
2.154
10.221
13.270
13.309
8.590
4.589
7.606
12.166
2.793
8.142
14.248
12.686
5.657
5.192
9.951
11.526
5.412
13.352
4.676
10.416
7.295
10.416
11.203
6.676
4.904
6.197
3.490
5.349
2.380
6.794
8.344
5.723
10.483
9.536
11.505
10.185
6.857
12.290
3.339
13.235
6.506
14.184
10.513
12.172
5.602
6.066
4.940
12.945
5.221
5.037
9.876
8.078
11.667
5.053
4.062
5.767
5.335
8.850
11.464
6.022
5.127
6.226
5.120
7.788
5.365
6.631
5.713
5.912
2.928
13.359
5.772
5.279
10.902
4.576
19.128
7.564
3.504
3.817
12.217
2.968
11.744
16.828
11.432
9.804
7.563
8.549
4.958
5.854
9.593
6.841
8.142
11.680
7.723
10.251
5.237
6.028
10.791
3.449
3.780
6.170
10.487
2.463
5.777
9.643
3.924
5.873
4.513
12.102
5.241
3.030
8.650
6.252
10.324
10.288
4.160
3.490
6.748
11.238
8.100
1.534
8.980
4.930
3.874
7.091
3.820
5.010
8.532
13.001
5.749
6.836
11.916
6.826
5.677
8.000
5.618
8.389
8.181
3.819
12.159
10.211
8.649
14.723
8.554
11.106
13.995
9.879
5.482
12.255
7.378
5.872
4.316
11.197
10.132
5.740
9.924
7.449
15.837
6.295
2.029
10.918
5.508
13.300
7.014
12.725
6.182
8.149
10.212
4.546
5.262
25.266
6.976
5.070
0.569
2.138
13.697
5.562
5.242
3.909
4.224
6.686
9.067
6.083
5.988
12.023
5.621
14.577
7.551
5.219
5.326
7.866
6.339
13.726
8.059
11.349
1.979
6.520
12.355
9.609
11.301
4.115
5.318
8.051
6.479
3.658
10.447
5.142
7.863
7.457
2.391
6.925
11.390
12.203
15.452
10.470
5.872
6.318
5.045
18.037
7.300
21.817
17.435
3.622
10.340
5.903
5.038
10.393
4.180
7.933
10.781
9.712
11.532
10.387
6.457
3.929
3.615
4.162
12.464
5.758
5.413
10.376
17.019
5.801
11.097
4.768
11.645
5.098
6.226
3.986
3.479
5.197
6.150
6.204
12.005
7.015
5.499
4.529
6.442
9.801
5.379
2.289
10.485
8.058
3.592
9.885
9.346
13.982
3.816
14.320
3.574
16.289
5.423
13.252
8.324
5.624
7.096
6.020
7.649
13.078
12.438
5.662
3.630
13.204
1.504
7.899
6.460
6.623
4.957
6.112
11.380
7.106
5.735
5.683
7.117
5.313
15.918
5.154
5.824
7.294
11.445
16.385
17.696
6.764
6.008
9.612
6.410
18.192
6.166
3.461
9.933
5.180
1.455
14.055
4.679
6.217
11.155
10.405
5.642
4.516
0.727
5.018
11.126
5.962
3.907
6.663
9.818
5.519
15.368
8.782
8.172
4.490
11.949
8.194
5.812
10.238
10.593
11.407
5.732
9.125
10.154
6.716
5.860
5.046
14.404
6.006
6.605
6.180
2.971
4.449
4.852
6.523
7.426
2.811
7.162
12.968
12.696
1.925
5.274
5.530
10.203
10.504
6.982
2.805
11.946
6.850
3.720
10.061
14.929
2.158
10.282
7.654
6.489
6.522
6.028
5.847
8.598
5.210
4.943
7.952
10.859
10.904
7.439
9.610
5.077
7.536
10.519
5.540
13.672
5.353
7.121
3.472
2.784
6.468
5.447
5.706
10.474
4.630
7.018
6.636
6.713
10.140
9.644
5.838
13.689
2.493
5.732
3.089
12.116
7.539
5.695
10.111
10.299
8.394
2.665
5.312
5.092
6.320
13.174
6.629
14.203
5.087
4.653
5.787
7.043
6.429
7.612
5.089
11.370
11.682
6.377
6.168
4.434
10.529
7.046
10.645
6.018
10.860
9.898
9.674
6.986
6.795
9.004
3.045
14.039
6.797
9.559
7.365
6.374
4.550
9.233
12.700
11.036
9.888
5.520
5.751
5.818
19.104
6.155
7.690
11.660
13.662
5.006
8.037
6.322
3.027
10.901
5.643
11.969
12.949
6.091
12.482
11.028
2.793
7.054
5.472
5.071
8.124
4.164
5.894
5.230
4.568
5.553
16.941
5.686
7.210
7.038
3.212
5.108
7.888
3.563
9.236
5.112
12.271
1.320
4.722
10.172
6.940
10.565
17.735
11.542
10.234
8.172
5.336
12.150
6.440
5.326
5.184
6.056
10.604
6.781
4.388
11.528
11.924
17.718
5.229
11.517
10.777
10.043
4.288
6.061
2.919
8.438
7.692
5.473
6.619
8.460
8.406
10.620
5.324
8.750
10.601
5.295
7.850
7.540
7.515
2.274
8.566
13.390
5.025
6.115
5.519
16.932
5.885
5.259
6.193
5.050
13.803
5.410
2.280
3.510
3.806
5.197
6.396
6.178
3.666
6.113
6.592
6.837
14.448
4.971
7.864
5.994
3.907
9.243
6.779
5.630
10.385
6.039
5.032
14.137
8.792
6.429
3.939
4.597
8.859
2.785
11.171
6.168
7.466
4.494
4.277
12.866
14.423
14.196
7.247
7.734
8.061
5.513
5.224
6.623
10.314
6.215
6.468
0.594
5.245
5.144
3.149
6.297
11.117
14.346
6.960
12.249
7.761
5.974
16.467
11.721
14.512
5.761
5.564
5.872
10.902
3.811
10.495
12.170
4.525
2.883
6.519
6.149
7.015
5.258
5.974
7.441
4.638
4.548
9.912
3.787
13.973
6.381
11.091
11.307
16.688
5.816
3.616
7.958
5.655
5.215
2.950
3.495
9.164
6.916
13.277
11.954
6.231
3.060
11.351
14.714
10.230
5.894
3.961
20.217
5.134
4.186
9.128
5.322
8.433
4.504
3.773
13.921
10.664
11.872
7.062
15.625
12.107
7.716
9.905
5.436
25.523
10.005
8.298
5.625
7.011
5.125
7.058
14.090
1.375
9.114
5.580
3.946
5.444
5.926
10.831
4.070
8.141
4.127
10.777
12.605
6.132
6.872
13.892
5.646
4.275
4.449
5.967
4.232
5.993
6.527
12.574
6.180
5.967
9.509
8.934
9.822
10.533
13.511
8.987
6.571
7.137
4.657
10.544
9.012
5.434
6.575
4.689
7.364
2.197
6.135
10.012
11.726
6.342
8.869
11.298
6.522
7.637
5.702
14.686
6.005
8.547
6.567
3.961
10.953
5.950
5.878
8.507
3.810
12.235
5.898
4.460
12.428
8.765
6.564
8.942
7.228
5.437
7.720
14.450
3.890
6.390
6.707
5.818
7.281
6.182
5.501
6.154
7.502
6.605
6.946
3.493
9.130
5.052
5.842
8.834
6.470
4.164
6.298
7.368
13.147
5.864
-1.771
6.978
3.027
7.058
8.467
10.106
10.687
6.681
4.614
2.418
6.546
5.394
11.432
6.207
12.927
5.733
5.437
5.129
9.918
3.186
10.474
14.745
13.367
12.563
9.174
9.960
5.270
10.803
10.797
5.463
10.303
6.419
8.594
11.719
6.046
21.798
9.229
10.572
6.303
7.980
10.254
6.911
3.835
1.656
11.431
13.197
13.209
11.034
11.821
4.986
4.442
5.816
14.991
5.245
9.928
6.596
5.252
6.139
12.676
6.303
4.755
9.443
5.323
10.497
3.468
5.637
3.460
6.551
10.221
6.438
5.794
5.996
5.833
5.963
5.511
6.013
10.504
2.016
5.222
13.100
3.790
14.308
11.911
2.728
6.496
2.373
4.335
17.728
4.292
12.353
10.051
7.713
9.724
1.872
13.443
5.757
8.557
6.278
10.674
2.664
3.898
5.507
5.372
13.148
2.870
5.182
6.246
8.265
11.236
4.131
5.662
5.712
12.185
2.165
5.932
3.259
9.708
6.806
2.722
5.067
3.605
7.075
5.265
4.300
5.510
7.415
7.177
9.728
6.814
3.857
13.482
13.231
7.280
15.379
6.748
1.580
4.398
2.030
7.907
8.019
6.107
6.377
7.276
5.319
8.317
4.955
10.017
6.012
7.728
4.732
6.543
11.221
5.431
5.777
8.551
5.514
10.809
3.946
6.021
1.917
1.623
8.010
2.415
11.902
6.651
10.648
5.956
6.084
6.634
5.290
1.558
7.432
5.318
12.080
15.190
7.462
2.814
3.897
5.151
10.720
10.057
5.959
10.651
6.206
5.653
16.659
5.026
13.436
6.356
6.318
5.420
6.344
8.057
6.850
5.472
7.616
7.212
5.689
5.034
3.432
4.346
5.446
7.286
16.949
13.541
7.353
5.375
6.770
6.799
16.110
5.774
11.339
14.442
10.004
3.349
2.728
7.978
6.513
6.660
8.378
12.401
8.526
2.201
6.018
12.161
8.588
5.058
8.803
6.409
5.259
5.830
9.263
8.766
14.188
4.511
5.799
6.700
9.659
5.503
8.317
7.618
5.575
8.159
5.735
12.343
7.635
4.166
5.451
2.832
11.855
8.414
5.020
5.853
10.695
16.721
10.422
5.246
6.041
6.789
3.875
12.420
5.616
6.744
11.174
3.279
5.281
5.963
14.864
5.122
7.435
4.687
17.339
10.221
8.667
5.808
6.332
13.368
3.506
11.740
10.038
4.071
6.125
14.530
9.634
6.176
13.605
13.654
12.309
7.395
8.965
4.592
10.354
12.484
0.001
12.242
12.082
5.798
3.456
6.115
8.191
11.075
8.451
8.332
5.948
10.750
4.420
1.224
10.546
10.543
6.463
14.115
26.523
10.537
6.047
5.179
5.685
12.915
11.937
3.765
3.253
6.950
7.924
14.647
8.096
5.782
4.937
12.552
5.948
7.038
5.816
3.430
9.323
10.699
2.991
-0.793
12.168
4.619
6.319
12.705
5.714
8.528
2.904
6.722
5.372
13.213
3.325
16.246
10.620
10.637
5.384
8.032
5.103
8.980
5.325
5.432
5.395
4.988
10.814
8.058
6.147
19.277
7.655
10.393
14.487
8.056
8.427
11.788
6.241
13.717
3.926
5.220
6.068
2.809
13.990
12.799
9.814
5.167
11.813
11.060
8.349
7.740
8.575
9.957
13.851
5.757
7.202
12.874
12.490
4.750
11.286
10.394
6.678
11.701
13.581
5.706
5.355
6.782
7.076
6.245
5.654
14.389
5.786
8.904
5.067
7.795
14.807
6.029
7.797
5.595
4.438
8.584
7.242
11.682
5.533
4.611
8.197
14.737
6.827
6.395
7.125
6.305
5.875
2.032
10.233
12.012
2.538
10.044
3.811
5.436
7.381
6.732
5.053
4.710
7.134
11.360
5.324
10.001
8.246
9.118
5.111
2.432
4.740
21.169
6.452
7.142
3.755
14.238
9.621
13.939
5.378
10.272
3.852
5.190
8.204
5.276
9.156
6.001
6.479
7.191
5.086
17.180
8.258
11.520
1.445
5.616
5.808
6.299
10.379
3.406
5.609
5.551
7.784
6.168
7.182
0.254
10.482
8.115
13.510
6.250
7.751
6.385
0.530
7.930
7.129
6.116
5.052
14.464
6.597
5.929
6.127
2.471
10.875
6.587
5.416
5.033
10.073
5.308
6.771
16.159
12.341
10.010
3.036
13.607
15.397
3.205
13.819
12.327
6.596
17.734
5.070
5.293
11.451
8.673
3.826
8.303
6.492
7.862
6.678
7.584
10.633
8.269
7.927
6.629
9.461
5.541
13.251
7.223
4.647
11.574
5.031
5.449
8.155
5.235
6.701
10.233
6.975
3.292
5.834
6.410
10.970
11.664
4.658
8.766
6.559
3.381
5.904
12.195
4.255
11.467
5.022
8.187
7.022
11.300
14.224
15.242
10.104
1.899
8.673
5.861
12.134
7.122
9.362
6.114
5.573
10.055
11.591
8.573
12.142
2.987
8.369
5.201
6.458
6.970
5.006
4.801
5.618
5.293
12.727
6.275
8.154
16.274
13.275
6.056
3.670
7.405
5.636
14.441
5.737
10.451
11.317
11.560
9.346
1.474
2.226
13.074
5.669
7.988
4.478
11.292
5.750
4.373
7.063
1.567
6.082
9.292
1.073
8.865
6.208
4.851
6.932
5.136
4.098
11.046
10.895
4.842
9.876
4.601
3.621
6.138
12.264
5.057
7.824
14.410
13.979
11.616
6.425
5.790
14.742
5.566
6.889
6.444
5.739
3.237
6.797
5.609
8.177
6.982
5.207
8.108
4.963
7.545
6.018
2.963
5.769
8.024
3.542
6.604
7.743
5.141
11.981
7.247
12.533
5.989
10.855
8.428
12.778
11.428
10.084
2.876
9.078
10.017
5.573
10.091
10.768
3.653
4.121
4.848
5.930
4.431
13.972
8.518
7.993
3.035
8.372
6.984
3.330
6.349
5.606
10.304
6.538
6.934
12.497
9.820
16.382
9.485
14.142
5.954
7.802
7.068
4.715
4.370
4.634
11.560
4.667
2.871
7.716
6.685
15.159
3.925
5.797
5.984
7.323
12.437
10.025
5.958
11.671
5.862
5.740
8.840
3.198
6.165
10.263
3.012
5.487
2.978
5.652
12.844
5.854
6.528
6.851
10.129
6.013
5.276
3.318
7.369
4.910
6.506
6.116
14.129
7.030
7.293
6.525
3.237
8.739
6.286
1.130
7.108
4.333
8.187
5.051
8.430
2.473
6.116
4.037
10.370
8.054
5.294
12.437
10.301
5.437
8.581
5.033
6.987
4.190
6.713
4.320
5.409
15.662
12.130
13.913
10.670
5.039
4.929
6.480
9.068
7.349
10.101
5.257
7.991
3.938
6.109
5.356
11.343
4.888
8.295
9.582
4.162
13.029
6.966
12.577
7.395
5.099
5.340
1.548
5.026
7.319
6.871
5.882
14.385
8.639
5.930
5.519
6.247
5.659
10.982
12.368
6.761
12.401
4.626
3.636
6.603
5.809
12.196
8.857
11.267
8.231
3.136
5.359
12.121
19.265
3.423
5.320
5.558
15.003
4.352
2.482
5.137
15.431
6.512
9.097
6.708
5.830
6.876
5.789
11.747
10.002
5.322
5.748
5.437
3.218
5.913
11.197
8.019
9.551
5.035
13.469
6.134
5.962
7.001
8.157
9.732
14.837
3.843
5.716
6.059
5.637
4.023
9.501
10.294
4.857
8.777
8.620
6.583
6.836
4.186
8.918
4.050
8.696
2.381
5.248
8.407
11.364
11.478
10.854
7.532
3.238
15.565
8.014
14.023
4.961
7.446
7.659
5.629
8.607
5.650
7.621
10.123
5.768
11.270
6.825
11.649
12.041
7.344
10.639
6.929
11.238
14.234
3.883
7.004
2.287
7.263
7.578
16.431
3.993
4.365
11.925
6.846
4.956
8.446
17.103
8.328
6.492
9.455
5.349
6.496
6.215
3.232
4.313
5.846
3.994
7.500
8.870
3.187
6.503
5.102
5.859
12.613
2.630
5.130
9.022
5.471
7.369
11.427
14.935
9.755
5.080
5.362
5.201
7.387
5.590
6.029
16.686
18.885
2.037
3.165
6.945
19.273
5.218
8.295
10.335
5.696
6.840
11.500
2.897
4.794
3.300
10.717
5.646
11.597
10.012
5.944
5.413
8.104
14.240
2.665
6.894
2.277
5.363
7.179
8.021
5.156
3.965
7.113
13.779
3.390
6.734
1.710
6.904
6.871
3.031
7.864
7.073
8.686
4.923
11.660
6.097
6.170
5.375
11.466
8.296
11.899
8.592
6.872
6.540
3.581
6.513
5.031
5.409
8.161
6.681
9.413
6.017
1.561
6.475
7.795
9.953
3.125
10.654
7.741
16.889
9.953
11.789
8.310
15.268
5.590
6.468
11.233
10.248
14.373
4.559
7.285
9.785
13.634
11.003
11.867
12.720
7.226
7.109
10.877
5.324
5.023
10.819
4.353
1.459
4.392
6.009
2.157
10.876
5.391
5.240
9.666
6.070
3.765
4.608
6.427
6.709
7.267
10.746
6.295
7.238
4.471
9.881
9.049
9.049
17.284
6.380
8.534
4.620
6.516
3.794
5.897
17.543
6.006
3.318
2.433
7.846
5.526
7.935
12.124
13.074
7.047
8.743
5.169
7.677
12.821
14.879
10.615
5.602
7.014
12.742
11.331
5.387
12.060
11.326
6.071
4.828
8.013
4.869
5.293
9.423
13.061
5.676
11.415
9.832
6.292
5.778
10.085
7.573
13.626
11.088
2.483
10.492
6.761
1.679
4.543
2.536
6.036
6.456
5.565
10.773
7.575
7.360
7.253
11.077
10.475
7.345
10.584
10.002
13.601
6.246
6.538
5.390
0.069
12.787
12.029
9.268
6.187
5.257
5.037
4.714
6.725
10.114
12.167
12.079
3.890
6.213
6.018
4.619
5.117
10.905
2.510
10.744
7.452
14.166
14.890
7.534
7.752
5.138
7.752
9.545
5.435
5.171
4.115
5.433
11.512
13.707
5.202
5.419
7.842
6.465
5.323
5.288
4.913
4.779
5.844
7.564
13.976
4.711
0.475
14.279
5.147
4.311
10.426
12.959
5.321
11.650
4.181
6.844
3.552
7.479
2.350
10.972
6.593
12.673
25.760
2.920
5.048
4.232
5.443
5.931
5.911
12.596
7.933
6.952
10.135
5.601
3.149
13.040
5.345
7.023
8.873
12.679
7.606
8.362
5.677
13.294
7.461
3.001
7.793
2.896
2.338
11.667
7.810
12.988
1.645
5.321
2.176
5.061
5.022
7.544
8.998
6.755
16.857
12.184
11.986
11.670
5.712
5.587
5.330
5.299
6.488
12.071
7.098
6.909
10.223
3.188
5.192
11.395
2.906
6.209
4.629
6.252
6.239
3.527
5.398
11.457
6.028
7.210
5.760
13.874
4.466
6.313
5.327
6.603
5.818
2.101
4.675
8.572
12.249
12.544
4.247
7.118
6.508
4.557
9.534
7.499
15.436
6.596
4.291
11.670
4.546
13.261
6.018
4.822
6.032
8.195
7.074
10.472
5.135
12.438
2.860
-1.059
6.068
5.158
6.921
10.984
5.777
5.597
7.648
-0.184
2.054
13.186
8.012
13.215
6.093
11.587
8.635
3.147
6.004
2.418
6.299
10.188
10.603
14.975
3.376
12.433
8.079
4.048
6.152
8.557
6.174
7.183
7.407
6.179
5.115
2.282
6.933
12.517
10.919
5.183
14.391
14.727
3.799
3.893
1.007
6.788
11.482
6.129
2.769
5.833
14.663
2.980
6.408
10.573
11.364
11.104
8.040
17.776
5.788
6.347
5.878
9.940
5.829
11.634
6.538
8.434
2.272
7.794
9.339
18.614
5.937
13.243
12.788
7.337
8.714
3.810
6.904
11.001
3.218
6.631
10.557
4.834
7.570
10.755
4.288
8.083
7.478
11.599
7.970
9.186
10.186
9.086
9.098
6.121
2.138
5.688
7.049
5.558
6.135
4.241
5.632
5.563
9.820
11.582
6.120
6.932
11.361
5.989
5.486
7.436
14.247
7.300
10.651
12.092
11.295
5.180
10.430
12.304
7.671
11.328
4.133
14.693
10.247
6.028
2.596
8.686
5.817
9.964
1.165
8.139
9.209
8.735
6.689
8.001
6.068
6.234
8.088
1.823
7.675
3.696
12.125
5.969
7.145
6.801
6.122
9.372
5.809
5.805
6.709
5.454
5.574
7.593
7.574
8.950
11.082
6.021
11.773
10.686
5.432
6.862
5.450
5.119
5.727
3.263
6.345
11.248
5.158
10.383
4.961
12.693
4.023
3.194
10.977
12.626
3.718
6.524
4.621
5.597
16.614
4.885
3.669
1.615
9.249
7.847
3.106
6.804
6.685
6.377
15.808
7.675
4.913
5.853
9.673
13.544
8.214
11.758
9.699
5.218
8.001
6.260
17.330
8.716
5.720
6.814
5.019
5.703
14.842
12.294
7.937
-0.192
8.015
11.915
5.698
6.538
11.498
12.894
5.636
5.815
10.880
12.469
10.027
4.501
2.495
5.787
0.535
2.395
13.540
6.201
10.775
5.786
10.736
13.610
3.742
5.285
5.216
14.709
8.595
10.152
18.195
12.033
7.045
6.078
5.428
6.536
5.362
5.576
6.322
5.822
6.367
7.063
5.736
14.399
8.787
4.116
5.842
4.881
9.763
14.791
4.807
6.713
12.665
15.244
5.584
-0.031
10.062
1.731
5.760
5.574
14.526
11.150
7.737
5.455
5.597
9.049
13.901
13.273
12.380
10.797
7.649
4.618
11.550
6.495
5.351
14.698
6.700
7.688
6.544
13.088
12.253
6.935
5.591
11.356
5.064
5.665
5.583
10.904
4.378
5.589
14.127
1.652
6.411
3.527
6.837
8.326
6.578
14.410
10.999
5.817
10.196
5.179
5.694
5.636
11.409
0.836
3.875
6.694
5.815
4.187
11.068
7.493
7.100
8.077
9.801
4.834
6.632
11.467
2.541
12.877
8.435
5.681
6.026
5.314
3.219
5.579
6.174
5.018
17.857
5.569
4.677
15.304
1.801
18.149
6.874
12.259
13.000
5.674
7.224
19.786
2.377
7.348
4.692
7.336
5.853
1.716
6.306
5.186
6.388
10.708
8.896
7.771
13.270
5.195
5.133
5.051
4.053
5.155
8.799
11.207
4.303
7.568
8.796
5.606
5.953
10.474
3.126
5.907
10.321
5.170
4.516
4.618
-0.007
8.252
8.182
5.236
11.814
11.975
7.909
5.713
12.094
5.887
5.895
5.233
4.648
6.935
6.265
5.630
10.388
7.289
10.646
5.742
14.705
8.164
5.629
10.621
5.224
7.398
6.531
12.556
14.311
5.256
5.780
4.892
13.715
4.707
7.741
3.165
4.231
6.106
5.488
16.465
10.030
5.555
5.338
7.732
5.280
4.408
9.877
11.535
3.560
10.736
4.269
8.570
10.212
5.075
12.903
14.004
10.301
2.247
2.337
16.912
7.399
5.274
6.312
5.985
9.630
4.712
5.445
4.849
5.517
9.087
7.216
3.249
13.473
11.353
4.854
1.935
5.761
11.145
13.846
12.129
5.523
9.979
5.651
6.164
5.853
5.229
9.787
0.395
7.258
7.113
6.760
7.633
5.762
6.332
12.842
2.947
3.852
6.788
6.083
12.231
6.377
2.872
13.261
12.359
14.664
5.435
10.627
11.661
4.984
11.975
4.316
7.104
8.894
13.033
10.757
3.907
11.279
3.732
17.306
5.710
14.448
17.848
3.551
6.356
13.459
2.447
9.494
6.639
3.946
7.690
8.511
5.536
10.616
10.310
12.142
4.937
1.284
6.101
7.807
5.531
10.551
6.889
7.922
7.637
5.246
14.917
10.062
11.169
5.405
10.716
4.176
10.176
8.240
11.335
8.513
8.667
7.465
11.903
5.993
10.390
5.886
11.662
6.831
6.988
4.219
10.680
11.422
5.852
13.340
9.465
6.101
5.576
14.826
2.858
8.709
6.700
1.419
6.877
9.162
11.150
12.502
5.198
5.766
6.724
2.547
6.653
11.075
16.665
9.871
7.115
5.590
13.150
6.417
5.446
6.316
2.795
16.677
4.419
2.930
2.599
7.228
11.645
9.458
4.423
5.383
10.061
11.110
10.384
8.966
6.913
10.823
-1.052
9.069
5.782
6.855
7.437
6.352
9.973
7.517
6.249
7.982
7.358
12.365
6.970
3.801
13.034
5.520
8.792
13.473
6.510
5.107
6.188
6.543
5.246
7.219
12.730
5.067
10.987
7.578
5.748
7.294
10.297
9.229
5.900
11.785
11.442
6.252
4.100
6.312
5.329
5.939
5.201
8.312
5.897
6.688
10.882
5.943
6.209
7.596
12.985
5.062
7.654
9.711
10.690
7.366
10.708
5.117
2.221
9.464
10.635
3.500
19.631
17.220
7.221
6.443
5.380
6.181
4.336
6.260
4.935
11.276
7.167
3.879
13.561
5.607
4.778
7.705
4.296
10.684
7.981
10.952
6.249
11.263
2.788
6.799
5.699
6.777
5.614
5.532
12.198
11.850
9.119
5.857
6.631
10.257
8.956
4.048
6.567
9.789
9.801
11.783
4.030
3.597
5.745
6.285
7.332
13.612
6.924
7.583
13.173
12.563
6.801
7.288
9.694
10.829
5.587
12.415
6.852
5.188
3.299
3.913
12.028
6.435
6.981
6.234
5.979
2.584
5.123
4.585
2.466
4.816
6.882
6.999
1.997
1.659
11.670
13.701
14.684
4.027
4.239
1.700
8.336
6.053
6.383
6.413
3.819
8.386
14.971
5.777
4.319
4.357
11.399
9.802
10.969
2.372
11.658
8.024
7.645
8.554
2.215
5.229
10.947
3.061
6.191
0.941
7.495
14.319
12.120
7.465
7.904
6.394
3.852
5.458
9.538
3.475
12.737
6.968
5.433
6.220
9.540
11.426
5.744
10.611
3.134
10.432
10.184
5.599
5.466
12.353
3.648
9.560
10.314
11.647
8.881
6.702
6.153
4.257
7.805
13.172
3.125
5.705
6.186
5.631
6.461
9.008
7.421
8.487
15.612
5.600
12.882
10.828
11.274
13.884
3.280
16.686
5.075
2.218
3.128
5.124
5.722
8.937
15.491
12.990
5.034
15.243
11.047
5.483
7.428
6.431
7.483
8.404
7.081
7.249
10.034
5.278
10.389
10.514
4.333
6.620
10.348
10.940
5.621
10.894
6.615
9.008
11.463
12.042
4.107
6.530
15.311
13.071
4.012
8.521
11.468
5.336
5.133
15.392
5.086
9.182
6.175
4.823
5.567
14.404
13.875
4.276
6.726
14.772
10.979
7.080
5.989
5.060
6.428
13.169
6.108
4.005
12.478
5.277
8.116
8.476
12.074
5.931
5.829
8.607
4.313
8.734
20.502
8.122
3.731
11.829
8.488
14.277
6.041
1.116
5.138
8.451
13.461
5.435
7.676
10.351
6.296
6.996
5.221
10.428
10.546
7.224
18.728
9.364
10.374
6.345
5.030
5.799
5.276
7.002
13.579
7.790
4.967
9.046
2.344
6.997
5.274
6.903
11.303
5.372
3.344
6.740
0.184
0.681
5.712
6.888
3.251
7.744
7.500
9.797
13.447
9.564
12.248
7.145
7.126
10.435
9.663
6.506
8.327
14.234
6.076
7.608
13.047
12.624
7.988
30.760
13.326
15.658
7.082
5.781
16.068
10.900
8.389
13.406
2.403
5.895
17.815
8.184
15.636
7.454
10.671
7.555
10.884
10.993
7.629
5.418
5.192
12.442
5.105
11.823
3.199
9.291
5.609
4.641
12.147
6.285
6.549
10.996
3.117
5.169
8.418
10.621
5.736
12.785
12.042
8.245
6.084
7.172
14.866
3.446
5.018
6.581
11.566
5.514
6.629
8.309
12.711
6.034
9.123
15.586
6.082
3.072
7.349
5.130
11.469
5.245
8.611
5.860
5.317
7.651
5.415
6.870
9.723
3.350
12.320
11.075
8.297
10.421
6.008
1.610
5.213
3.730
7.434
6.538
5.006
10.138
6.028
13.059
3.701
5.270
5.661
5.641
11.285
7.904
6.055
7.835
10.880
2.905
8.200
4.987
3.531
4.391
10.116
10.619
4.051
5.001
5.948
5.779
4.752
11.918
5.521
8.516
6.274
6.034
5.100
5.001
17.152
7.804
3.070
6.873
5.145
5.591
8.558
13.713
10.908
5.050
11.132
11.648
7.901
6.916
6.607
5.914
13.199
5.729
5.091
8.236
8.998
10.771
14.665
1.899
12.437
6.337
5.205
9.583
7.498
6.752
7.395
14.557
5.734
8.266
5.509
2.847
15.740
14.464
5.031
7.859
6.732
6.049
1.114
7.519
9.725
6.647
4.953
14.852
14.607
4.386
6.059
11.019
5.712
5.042
2.310
10.034
11.698
10.955
12.143
5.935
4.478
6.807
14.819
3.893
11.343
7.024
-0.427
10.388
5.501
6.547
10.508
12.214
5.150
5.295
6.571
8.390
3.124
12.349
6.573
9.163
14.262
3.644
8.880
5.576
5.391
11.009
6.492
7.944
5.035
2.075
5.154
5.456
5.886
10.828
5.074
11.764
13.877
5.845
7.381
6.495
11.067
6.060
17.031
5.187
5.461
1.893
13.370
8.900
6.885
7.891
4.053
7.411
6.856
3.219
5.947
5.495
12.658
12.535
5.241
11.263
5.222
9.576
7.596
6.857
5.968
5.683
11.582
15.335
7.872
7.102
10.426
8.441
6.576
8.116
5.240
4.886
4.729
9.905
10.972
9.396
5.429
12.512
7.032
6.260
9.452
11.982
14.015
2.935
7.297
10.163
3.700
6.115
4.698
6.343
11.117
6.179
5.033
5.323
5.304
13.346
5.628
3.468
13.534
11.395
4.861
12.073
12.141
3.205
6.575
6.698
1.793
5.158
13.982
9.655
5.691
11.920
7.132
6.720
3.911
13.338
12.414
9.803
9.947
6.092
7.684
6.369
6.257
2.309
4.420
7.863
7.560
11.586
4.375
3.078
11.906
6.531
5.277
6.048
2.595
6.510
4.301
5.637
12.780
9.711
0.663
5.718
9.201
5.415
5.219
6.959
7.434
1.941
4.811
14.833
10.596
5.421
4.080
7.361
8.424
10.627
6.349
5.272
5.926
12.012
5.101
10.210
1.907
6.160
7.412
10.857
6.512
7.299
13.446
6.220
5.732
7.929
5.895
4.907
11.498
3.725
5.264
10.483
6.745
5.756
12.327
4.679
3.779
6.803
11.412
13.946
10.903
12.153
5.336
2.010
5.122
7.037
3.221
3.177
4.430
6.795
5.430
5.469
5.495
9.533
12.809
5.664
5.526
11.143
3.668
11.039
6.108
4.687
7.385
5.713
13.445
5.494
4.199
10.852
8.132
7.278
10.472
7.486
8.343
4.842
6.758
5.509
3.281
2.968
4.144
6.218
6.637
9.253
5.985
8.780
14.292
6.799
6.594
12.752
8.870
5.503
7.176
6.674
9.820
11.188
8.338
8.759
7.466
5.035
3.928
4.194
5.930
4.580
7.876
6.770
5.395
7.808
12.165
6.186
14.111
12.290
5.420
7.448
11.424
10.801
8.682
12.312
9.985
9.624
6.963
9.747
14.564
6.273
3.828
14.747
13.040
5.752
4.399
11.077
17.290
11.187
7.762
6.967
5.776
16.048
5.615
6.877
3.980
4.666
6.835
6.128
4.463
12.017
5.935
13.879
5.397
12.983
6.817
5.835
7.431
10.944
13.278
4.673
7.458
5.181
4.518
-1.154
10.880
4.043
2.264
5.509
10.379
5.284
6.694
6.482
4.439
5.547
6.041
6.689
7.556
7.510
5.448
13.643
6.395
8.947
5.708
6.862
7.138
3.412
4.802
16.801
5.639
8.255
7.635
6.032
10.363
10.185
3.688
2.117
5.456
5.843
13.181
5.839
10.090
2.239
17.249
10.556
4.869
5.091
3.423
10.978
12.541
6.668
2.139
5.762
14.656
7.965
6.189
5.475
3.605
10.313
6.158
9.420
7.466
3.780
4.168
8.148
11.549
6.204
4.718
13.416
10.344
7.499
14.425
4.207
0.836
10.439
0.180
13.874
12.554
10.478
8.341
9.552
5.178
3.080
5.893
3.422
6.398
4.657
5.272
8.788
8.571
5.154
5.766
1.836
7.348
2.420
7.012
6.207
9.399
10.079
8.290
5.450
5.947
14.934
6.507
12.371
10.402
17.676
5.005
5.613
6.519
8.587
2.126
4.565
5.820
5.713
5.928
12.257
6.627
6.116
7.133
3.942
4.023
8.921
12.253
12.385
5.075
3.299
7.935
6.459
8.510
5.408
6.900
5.241
15.308
4.465
10.566
3.713
5.762
7.516
12.444
6.650
10.583
5.172
15.572
8.072
11.122
5.294
10.639
5.715
6.577
6.406
4.154
7.492
6.330
4.932
14.643
11.872
6.985
4.886
8.451
8.332
5.249
6.873
11.729
8.939
12.560
6.941
5.124
5.331
11.957
7.220
5.505
5.975
11.729
5.269
6.208
5.963
11.426
11.275
12.330
5.906
3.574
11.233
7.060
10.071
5.769
5.307
10.412
5.153
6.741
4.799
10.139
5.486
10.372
16.559
3.876
10.219
4.944
18.467
7.197
9.228
5.041
14.028
8.724
1.773
7.111
5.282
11.732
5.605
5.018
6.372
4.203
8.851
14.006
3.455
5.815
10.829
10.571
5.953
4.777
6.784
5.683
9.955
12.587
5.640
21.118
8.727
10.311
5.831
6.103
6.524
6.515
7.902
4.230
4.775
14.109
11.187
12.773
12.640
5.643
4.352
14.262
4.578
2.845
3.573
5.126
4.280
6.769
5.293
5.370
6.832
10.754
17.787
9.396
7.820
4.843
15.604
9.865
3.141
5.139
4.224
5.269
2.497
5.019
5.519
9.055
1.392
3.831
5.132
1.416
7.013
6.833
10.066
6.743
5.926
7.369
9.407
5.462
12.436
7.020
10.380
9.420
12.990
12.627
6.503
13.936
6.169
4.464
13.369
5.625
4.698
6.126
11.533
7.355
6.358
6.969
4.826
10.558
8.340
7.888
5.008
7.831
2.945
8.654
5.974
6.394
6.133
11.613
4.003
5.662
12.768
14.599
12.407
8.582
8.479
12.977
10.453
5.154
15.622
6.835
4.711
8.709
13.242
6.619
2.403
13.371
5.372
11.706
6.079
3.229
5.932
13.685
0.263
11.590
8.283
4.092
10.371
5.043
12.371
12.104
5.441
8.250
7.463
6.950
5.643
4.036
6.025
5.923
12.548
4.702
7.114
7.662
4.472
6.406
5.194
4.408
13.098
3.735
2.763
5.918
6.722
6.717
7.977
12.249
5.757
5.721
11.902
2.918
4.946
7.073
4.057
10.610
5.308
5.835
12.207
10.879
6.100
5.005
3.771
6.122
11.899
6.883
2.615
8.190
9.149
5.071
5.555
5.618
2.567
10.314
13.882
14.624
9.071
12.079
1.088
6.440
2.213
4.795
4.480
6.425
6.357
5.282
4.767
10.004
20.358
10.223
6.868
16.378
7.044
7.679
6.723
5.409
5.968
6.577
5.469
8.248
14.118
13.513
7.018
4.834
6.282
2.610
13.498
6.089
9.670
5.038
5.110
8.137
16.246
7.246
6.625
7.171
6.609
4.369
5.863
15.164
8.603
7.575
13.084
5.669
10.635
9.837
10.063
17.193
12.245
5.223
10.595
6.263
6.278
5.405
3.814
6.074
5.991
5.108
13.178
6.187
10.842
5.824
9.521
8.413
12.374
16.086
1.608
5.229
6.468
3.357
5.369
20.094
5.831
7.763
11.652
16.351
9.266
12.224
8.002
7.476
9.965
9.989
10.981
9.979
9.724
5.871
5.544
8.512
6.541
4.069
8.387
6.821
6.514
1.948
7.408
5.201
8.793
12.794
8.432
12.194
4.048
5.709
9.757
8.178
4.036
13.198
8.201
6.073
6.240
11.182
8.495
12.078
10.909
5.570
1.906
12.613
6.843
5.751
12.599
5.907
4.090
10.095
6.157
7.198
6.535
6.887
6.497
3.175
4.802
3.547
10.488
5.244
5.950
5.942
13.144
10.441
5.654
6.027
5.305
3.469
7.102
8.564
12.053
9.632
8.083
5.169
13.716
5.936
6.383
8.940
9.985
3.935
3.344
5.480
16.215
5.611
7.566
6.387
0.959
8.184
11.701
11.186
4.853
5.434
8.181
4.729
5.430
5.662
3.747
6.338
5.203
7.676
12.035
8.618
13.045
6.487
12.852
12.638
9.737
7.713
5.391
5.511
7.714
10.629
11.178
5.202
2.499
7.330
3.119
8.573
2.385
11.261
7.272
6.788
5.850
10.233
3.963
3.069
15.854
6.794
5.633
7.160
5.058
18.391
5.003
5.825
10.635
5.923
6.706
6.075
5.804
12.295
6.081
7.571
4.059
6.861
7.626
7.723
8.091
7.581
3.365
8.519
5.218
6.403
10.671
9.339
8.721
11.894
5.337
7.942
2.993
6.888
6.345
3.783
8.938
11.109
7.321
6.130
6.593
7.305
11.290
13.240
7.003
3.725
5.181
8.017
4.687
6.447
4.963
13.864
11.066
6.691
8.393
3.182
6.316
9.895
5.364
14.075
12.041
5.444
7.557
5.195
3.912
5.799
8.868
4.484
7.501
7.204
6.675
7.037
7.387
7.585
7.013
8.525
5.657
11.848
2.737
10.451
5.306
7.136
7.277
3.967
5.506
3.155
5.911
20.945
5.844
6.633
9.190
6.771
11.459
9.821
9.216
12.595
11.037
5.632
5.987
7.140
7.902
6.448
6.036
5.259
5.094
12.358
11.762
10.192
7.190
6.113
10.400
5.639
10.611
9.253
5.648
12.245
5.540
11.041
10.460
13.254
5.781
14.171
14.057
5.178
4.428
5.218
11.290
5.445
14.671
9.710
5.377
6.003
15.009
2.445
6.612
6.089
6.782
6.096
5.759
6.852
3.554
11.195
12.981
10.936
12.756
8.697
6.881
11.570
8.125
2.088
5.042
6.374
4.286
18.286
3.230
4.035
3.583
12.886
12.588
5.485
11.531
5.297
12.555
3.819
4.953
16.053
5.792
3.973
13.803
10.411
6.230
7.841
12.168
8.614
11.278
5.019
10.513
5.244
5.401
2.489
3.492
6.335
6.553
10.960
5.393
6.361
6.122
6.452
5.127
5.648
14.480
6.790
2.842
12.891
2.760
12.686
10.152
6.226
6.515
3.429
11.603
10.522
16.589
5.941
1.128
10.622
0.916
7.473
14.090
6.711
8.236
2.657
13.792
14.258
5.048
6.475
4.461
5.462
5.853
5.555
7.641
3.894
5.923
11.024
10.262
5.431
12.711
9.643
8.049
6.211
8.160
15.147
4.347
11.494
11.375
14.245
10.373
4.419
3.566
7.065
5.640
11.070
7.853
11.253
9.562
11.236
12.050
13.277
7.333
12.999
12.548
11.648
4.682
15.077
9.546
4.192
3.130
4.936
6.310
6.655
7.056
6.012
2.944
5.402
3.371
11.747
11.670
12.859
7.378
9.834
9.221
6.306
6.892
4.546
9.798
7.374
7.426
7.586
10.069
6.617
6.580
5.601
4.681
4.806
3.241
5.034
4.651
6.608
3.070
9.133
11.774
6.012
6.553
6.215
5.798
12.458
6.622
3.641
4.604
5.662
14.023
5.732
11.491
10.145
6.174
6.564
11.343
5.223
