9.497
9.054
2.688
8.209
7.612
13.431
8.834
7.945
6.813
5.414
5.817
6.679
7.643
5.713
5.776
2.874
6.039
10.017
9.287
6.501
7.552
0.934
9.733
2.302
7.244
12.181
4.336
13.200
7.230
4.775
5.936
5.648
2.398
8.624
6.651
6.515
5.141
16.697
5.748
5.789
10.114
5.507
6.131
1.176
13.316
8.248
6.860
6.220
11.242
12.906
5.943
10.235
2.225
10.144
6.848
5.990
4.772
8.528
6.851
2.016
6.315
7.278
10.215
5.054
6.270
7.179
9.036
10.515
9.072
6.295
17.460
10.570
12.230
4.149
5.447
10.980
10.605
6.392
6.392
8.349
11.076
4.923
5.812
7.179
5.977
9.938
10.700
5.041
1.625
6.875
8.453
12.207
4.110
11.496
10.043
5.021
12.218
6.321
6.221
8.361
10.291
11.715
1.733
6.215
2.845
2.039
5.847
2.682
5.685
9.011
14.898
4.568
7.578
5.346
6.140
3.075
5.866
5.483
10.733
5.000
3.072
5.694
7.731
9.723
1.928
11.866
4.122
15.483
3.081
2.014
5.847
3.772
4.623
14.521
5.093
11.557
10.984
8.874
5.173
14.095
6.385
16.735
7.452
12.848
4.958
5.311
9.546
2.024
7.996
3.430
6.521
7.654
2.982
5.748
5.534
5.094
4.496
9.355
15.236
9.684
3.518
5.170
5.347
5.477
11.116
15.817
7.206
3.268
11.088
13.271
6.923
3.829
8.105
5.291
5.127
7.121
6.482
9.525
12.538
4.364
1.471
6.528
6.105
9.170
9.948
5.460
4.980
3.522
11.314
5.625
8.821
10.768
1.201
4.420
12.435
8.361
6.029
13.296
7.747
10.755
10.988
3.919
5.311
12.680
9.658
8.203
3.819
8.323
5.587
0.655
5.679
10.971
7.047
3.758
7.550
7.570
7.814
12.320
4.168
1.340
14.791
4.739
5.663
5.727
7.480
3.333
16.546
5.074
23.307
9.301
12.751
10.754
10.515
8.537
4.291
5.060
1.897
8.981
5.201
5.525
3.901
4.797
5.521
10.080
10.876
8.140
9.109
4.418
7.843
5.224
9.095
3.208
5.757
6.776
11.201
5.219
2.473
5.344
6.729
0.948
18.996
6.669
7.332
6.003
8.071
5.149
8.624
10.760
2.931
7.679
5.910
4.549
5.133
3.707
7.273
7.112
6.173
11.339
7.067
15.104
7.115
17.436
2.082
5.483
5.756
10.328
9.489
10.774
7.378
7.255
1.720
5.338
6.905
5.551
3.555
6.595
5.356
8.688
8.234
6.462
14.926
5.670
4.277
4.409
14.607
7.221
8.782
5.560
5.725
6.626
10.054
6.971
7.847
5.418
9.930
6.286
5.020
5.907
6.634
6.322
6.215
6.157
5.727
6.126
4.188
4.963
6.201
4.208
13.797
8.723
8.900
2.061
18.321
5.626
3.047
3.973
1.704
5.060
5.304
13.911
11.362
5.029
1.893
5.786
9.696
5.608
1.595
2.146
7.500
12.760
12.057
5.687
6.148
0.905
7.426
6.869
5.806
7.314
6.848
4.686
5.818
5.427
10.195
14.977
6.524
5.835
5.818
7.504
8.189
5.071
4.150
2.786
5.839
5.952
12.818
16.426
11.865
5.655
6.408
4.850
7.783
12.716
7.206
10.757
3.885
14.474
6.534
12.452
5.942
12.303
2.483
6.375
4.123
5.006
10.139
9.691
3.465
2.487
10.754
1.901
8.574
22.541
7.114
6.268
2.766
5.002
6.012
10.100
10.714
6.997
4.400
8.152
13.183
2.567
4.402
6.395
6.523
5.391
14.092
12.887
3.853
9.214
11.343
5.885
6.263
13.499
8.633
14.918
4.831
5.220
5.962
13.968
6.889
5.871
11.747
7.016
13.015
9.608
7.387
2.154
3.922
5.676
4.253
5.302
6.992
12.601
10.077
5.272
1.598
13.977
5.117
7.075
5.897
6.883
9.321
6.300
4.780
7.660
6.303
10.019
5.375
11.230
10.484
3.746
5.726
11.850
10.577
11.387
6.673
10.278
3.910
9.736
5.422
6.108
12.077
8.488
4.083
6.892
8.532
6.516
11.294
8.194
11.894
7.815
8.809
10.506
6.592
7.618
2.450
4.406
3.505
7.354
5.808
17.178
1.002
7.805
5.750
0.568
7.237
10.740
