13.995
13.125
13.508
14.220
13.478
16.247
14.954
13.388
12.225
12.121
15.845
15.784
12.504
13.465
14.590
14.566
12.839
13.313
12.195
13.806
13.176
13.831
13.792
14.067
14.321
12.846
11.407
14.158
12.106
13.898
12.287
13.263
13.463
13.362
13.456
12.272
13.687
12.221
14.018
13.637
12.632
14.147
14.408
15.852
10.688
14.283
12.188
16.762
13.056
12.441
12.457
13.624
13.528
13.597
12.487
13.766
13.451
14.696
11.992
13.913
12.892
14.289
13.850
12.219
11.891
9.640
14.557
14.952
15.262
14.598
15.031
12.550
12.539
14.834
12.689
15.512
12.345
13.477
12.321
14.142
11.929
12.779
11.650
12.735
13.111
12.208
12.168
12.226
12.321
12.552
13.898
12.156
12.389
12.130
12.826
13.066
12.234
12.707
13.471
14.200
13.527
14.637
12.163
12.799
15.002
11.995
13.627
13.853
13.358
12.992
14.392
13.236
14.102
14.051
11.435
15.069
11.299
15.732
14.644
12.389
11.798
14.624
15.155
15.707
14.965
14.466
15.593
12.577
13.805
12.683
13.027
12.687
14.359
12.900
13.391
12.866
12.612
13.848
12.942
11.831
11.731
11.516
12.955
13.954
12.347
12.725
10.947
12.467
12.119
13.190
11.688
16.048
14.967
16.913
12.659
12.358
11.583
12.200
11.934
14.973
13.048
15.657
12.184
13.183
13.378
12.634
13.663
13.257
15.493
15.398
14.426
13.767
17.057
11.928
11.514
12.227
14.727
12.557
13.385
12.314
14.163
11.965
12.198
16.039
10.995
14.052
13.353
12.854
13.008
12.050
13.615
12.586
15.303
14.193
13.081
15.171
13.787
13.576
12.792
13.691
13.261
14.337
13.104
16.626
14.829
15.324
15.985
12.866
14.353
14.772
12.994
16.005
14.094
13.042
14.165
14.609
12.992
12.315
14.868
12.123
13.754
13.553
14.639
12.219
15.118
16.826
12.967
12.359
13.414
11.722
13.072
12.842
15.355
15.021
12.469
14.982
13.968
13.698
16.883
12.798
12.900
11.951
12.988
15.037
13.722
12.819
13.510
12.838
15.638
14.936
11.683
12.438
16.481
15.399
13.068
14.412
15.290
12.666
12.786
13.290
13.175
15.621
12.819
11.635
12.639
13.091
12.855
12.648
11.168
13.625
13.575
15.391
14.043
13.740
13.011
13.739
15.276
13.747
12.139
13.418
13.055
13.530
11.954
14.068
12.886
11.173
11.521
12.367
14.495
12.698
13.674
11.879
13.204
13.260
11.463
13.342
13.493
13.044
13.354
12.907
16.435
14.298
14.501
13.768
12.588
14.929
11.547
12.147
13.312
12.155
13.772
11.908
14.719
13.611
19.262
13.720
13.971
12.239
13.583
13.666
12.033
12.975
12.459
13.998
12.503
13.766
12.977
14.553
12.463
13.812
12.924
14.491
13.915
12.132
14.659
12.594
16.142
15.568
16.506
15.552
11.835
14.853
12.460
11.684
11.825
13.467
12.844
12.975
12.739
13.585
14.248
13.444
12.393
14.184
12.905
11.483
12.933
12.137
12.463
13.497
13.676
13.891
15.377
11.786
12.779
13.147
13.145
17.444
13.391
12.677
12.712
13.971
14.667
11.887
15.513
13.482
16.440
13.957
15.227
13.848
13.814
12.732
14.860
12.799
12.687
12.580
12.511
11.254
13.620
13.643
14.455
15.233
14.833
13.210
14.921
13.873
16.162
12.824
11.754
15.060
14.761
12.274
13.084
14.810
12.825
11.638
14.848
13.958
13.998
13.809
11.800
16.578
14.679
11.890
16.102
14.929
13.602
14.308
12.339
16.715
11.812
14.707
11.839
13.042
15.334
11.999
13.090
12.114
12.350
13.117
15.325
14.661
13.039
12.207
14.033
13.084
13.474
14.562
14.120
15.107
13.532
15.328
13.610
15.708
12.540
11.836
13.816
14.304
11.959
14.049
13.130
14.269
13.555
12.795
13.485
13.979
12.923
13.617
12.903
12.415
12.587
13.564
13.784
12.304
12.951
12.159
12.728
14.935
13.854
13.528
13.545
12.238
12.909
14.088
11.874
12.709
17.389
14.930
13.105
13.463
13.345
14.731
13.345
13.246
14.656
12.984
14.399
15.824
13.638
14.000
12.098
13.120
12.543
13.312
14.180
13.646
11.563
16.289
13.878
12.152
