21.345
20.200
14.346
15.251
20.719
17.560
17.337
19.485
23.289
21.560
21.299
19.350
19.783
19.276
12.252
16.189
20.293
22.314
15.850
20.697
14.773
17.726
20.052
23.894
24.103
16.481
18.950
23.239
22.842
20.483
13.396
19.967
23.983
17.916
15.375
20.432
20.926
17.983
22.187
20.493
22.602
21.103
20.951
25.159
19.607
23.411
19.379
18.938
21.222
15.378
19.197
22.357
22.830
20.594
16.902
21.001
18.593
27.237
19.776
16.836
23.979
16.090
19.670
25.831
24.708
18.769
26.507
20.500
17.950
24.400
15.728
20.677
15.297
22.464
20.032
18.069
22.359
18.484
22.814
24.094
21.831
20.722
12.022
21.749
18.844
19.842
17.715
22.574
17.202
21.481
18.382
18.802
18.854
20.944
14.527
19.569
23.244
21.137
20.011
20.180
22.071
15.875
12.322
18.607
15.997
17.911
20.426
17.186
16.163
20.738
15.299
25.089
19.453
17.948
16.844
23.380
20.625
23.235
28.278
20.704
21.692
20.469
19.023
26.912
17.591
19.208
20.195
16.146
18.020
19.895
17.438
15.194
19.778
17.262
26.809
14.655
15.493
13.233
18.609
17.521
20.814
18.888
17.183
20.853
23.987
13.330
15.194
23.828
15.615
19.080
20.925
16.458
19.669
19.107
17.774
20.861
21.564
21.112
22.718
21.204
18.512
19.882
18.226
15.167
17.210
18.447
17.634
14.972
21.488
17.021
23.975
22.588
25.045
24.234
20.092
20.890
16.161
16.748
26.778
23.163
18.230
20.381
17.871
21.747
22.315
16.448
20.797
18.781
24.414
20.989
21.836
23.299
19.706
21.851
14.511
17.338
21.417
23.906
16.581
18.646
14.906
19.139
22.407
17.931
15.660
19.873
20.069
22.902
23.194
13.951
19.953
17.442
20.156
21.064
17.966
14.058
18.686
16.616
21.876
17.596
19.535
18.204
21.049
18.337
15.030
21.232
21.093
23.536
18.436
19.274
20.387
17.616
19.362
23.065
24.113
17.158
15.866
21.268
21.730
17.841
27.783
18.906
20.470
21.999
21.405
22.731
20.951
19.610
16.645
22.012
22.465
18.759
17.163
22.120
18.402
19.420
24.010
15.391
21.587
22.098
22.320
21.239
11.781
18.471
17.548
16.358
19.332
17.106
21.587
19.651
20.859
25.730
19.215
19.221
17.932
19.047
23.233
16.788
19.799
16.932
23.051
21.332
16.557
19.521
23.564
15.018
19.327
21.572
24.944
17.365
16.620
18.682
21.935
14.471
20.585
24.237
15.960
21.207
14.694
15.479
20.016
13.790
21.317
17.561
22.461
18.839
20.616
17.274
21.372
18.640
20.345
13.264
19.669
22.570
21.411
16.702
17.430
16.368
23.904
20.552
19.915
16.242
25.549
23.858
20.470
13.858
22.763
17.261
21.098
22.355
20.135
15.782
17.808
18.854
22.029
24.269
20.532
18.926
18.961
22.081
23.457
14.667
13.716
19.073
19.445
20.754
19.171
19.824
19.795
19.798
14.094
11.682
15.921
19.197
17.583
20.840
18.405
18.506
16.816
15.976
26.402
24.442
23.091
20.662
17.388
20.371
19.375
18.263
23.544
19.828
15.015
22.283
18.020
16.467
22.907
18.782
26.350
22.558
15.940
21.162
21.188
21.138
16.433
19.358
23.893
16.897
19.601
18.891
26.396
24.204
19.678
18.770
24.560
20.063
22.344
20.981
19.438
21.496
17.813
24.555
23.386
25.208
14.163
23.423
23.272
18.915
24.305
22.593
23.246
19.766
26.193
17.621
22.908
18.601
21.079
20.283
19.464
21.819
15.956
19.173
19.832
17.577
21.206
22.823
18.024
17.333
22.602
16.346
16.321
17.423
22.084
21.020
18.363
22.160
19.065
18.394
19.696
16.531
15.665
26.723
25.688
18.845
35.925
23.607
20.282
21.148
19.955
17.246
20.544
20.566
23.088
21.318
21.214
19.405
20.583
19.687
17.036
22.318
24.468
19.897
25.468
22.991
15.071
14.626
19.085
22.882
18.058
18.808
22.304
18.520
23.206
16.052
18.423
16.324
20.659
17.823
19.646
17.703
19.930
18.469
20.801
18.815
22.848
22.767
21.017
20.294
17.781
17.590
17.885
17.997
18.470
18.905
15.687
12.907
23.103
15.888
19.129
16.296
19.042
23.238
19.527
20.634
19.067
21.443
20.155
18.656
19.063
13.987
22.591
21.066
20.810
17.553
20.907
23.061
21.279
19.705
17.690
20.590
22.300
20.426
15.102
21.389
18.092
17.510
20.672
21.581
16.121
21.659
20.895
22.402
19.073
18.687
23.351
15.109
22.461
25.769
22.242
22.438
15.734
19.542
22.829
18.492
21.069
21.219
10.862
14.617
27.019
28.089
20.031
19.362
20.975
17.959
17.977
19.196
22.810
22.160
27.149
19.893
21.161
19.341
21.920
15.740
18.827
21.188
18.088
15.349
25.603
16.691
23.463
26.034
21.179
21.494
21.702
18.956
18.690
18.273
17.408
18.566
24.167
20.677
22.827
22.266
12.891
18.371
15.526
24.778
19.921
23.667
17.278
16.999
17.997
17.586
26.678
18.106
17.602
22.525
20.682
22.809
16.003
21.252
14.956
22.791
20.726
18.043
20.076
17.011
17.938
15.957
17.877
17.708
17.262
22.918
22.833
19.690
15.151
20.640
22.173
22.848
24.080
21.397
22.789
16.433
21.861
19.663
24.540
20.263
20.365
17.786
25.548
20.289
22.641
21.431
19.592
19.349
18.633
19.093
21.667
25.994
21.134
17.303
19.159
19.655
29.015
18.912
19.064
25.198
15.796
17.314
23.795
21.069
19.604
19.729
24.657
25.140
20.235
18.814
17.353
20.867
20.831
22.930
18.956
23.373
16.980
16.320
25.046
21.736
19.551
15.749
23.894
19.776
29.281
19.332
15.149
17.132
17.167
19.385
18.097
20.224
22.607
17.334
22.401
20.137
18.480
16.652
20.571
20.292
19.224
18.615
17.758
17.416
19.850
21.200
20.116
13.281
18.823
18.403
20.837
18.383
23.691
16.463
18.503
18.795
21.129
20.177
20.074
20.934
24.156
21.131
26.063
18.468
21.398
25.649
12.341
19.124
22.054
19.695
21.570
24.629
32.408
17.561
20.824
16.496
18.639
14.191
19.866
17.751
18.599
21.323
21.285
18.863
17.068
16.820
19.815
20.776
21.210
23.399
19.996
17.423
15.158
18.477
21.058
22.040
21.444
18.588
19.391
18.790
22.095
20.952
19.093
18.782
23.284
18.726
27.142
18.908
13.134
18.557
21.336
23.979
21.357
16.864
26.490
16.854
20.992
17.337
20.119
17.445
17.455
20.492
19.927
25.358
17.946
23.418
18.695
24.408
19.601
23.036
27.040
21.827
20.061
19.873
20.757
20.956
18.846
20.283
18.026
16.687
20.095
18.435
18.826
18.903
23.937
17.167
24.974
20.168
21.482
21.966
20.026
29.390
22.390
22.686
17.623
21.349
17.087
24.363
18.875
20.527
18.677
20.990
18.618
17.716
19.742
20.098
19.566
16.760
22.796
21.815
19.286
18.256
18.962
22.471
22.936
20.939
16.579
20.827
18.892
18.940
17.886
18.292
20.148
23.087
22.597
18.457
17.243
22.332
14.935
16.946
32.560
22.809
22.045
20.550
17.064
22.444
20.298
22.592
20.911
17.202
21.905
18.342
18.838
16.045
22.687
18.958
27.492
14.821
21.961
16.446
18.208
20.714
19.300
20.153
25.292
22.075
25.013
24.483
18.031
16.080
20.518
22.017
20.064
19.656
20.465
22.029
25.603
22.777
22.702
22.267
21.630
22.169
20.445
23.144
19.599
17.043
13.038
19.848
14.732
21.930
19.546
21.216
20.034
18.788
19.428
17.652
24.609
20.536
19.652
24.465
28.047
16.211
17.118
15.584
17.766
24.598
22.031
8.819
20.598
18.889
19.297
20.156
18.921
19.949
20.111
20.058
20.841
16.104
22.850
19.668
16.528
19.460
19.282
26.042
16.950
18.668
15.366
19.863
11.496
25.868
18.043
18.590
22.533
25.228
21.762
19.333
22.627
25.789
18.104
15.601
16.538
17.714
21.618
16.910
15.288
18.047
15.637
24.979
21.842
17.487
23.301
18.052
20.733
14.881
21.361
26.770
16.558
16.721
16.374
21.770
15.103
21.055
21.563
20.037
20.190
20.578
18.198
25.217
21.522
21.170
17.936
17.308
17.479
18.026
14.145
16.522
19.876
13.908
19.791
22.069
18.116
18.244
19.834
23.730
18.561
18.010
25.852
25.265
19.252
17.106
18.727
16.505
19.091
21.197
23.957
19.648
24.125
22.983
23.675
17.327
21.110
19.474
18.226
21.353
20.265
12.033
21.248
18.211
17.924
22.490
24.482
16.769
23.633
21.388
