0.000 1.415
0.010 2.666
0.020 2.377
0.030 0.583
0.040 1.446
0.050 3.112
0.060 1.574
0.070 2.359
0.080 3.115
0.090 1.892
0.100 1.648
0.110 4.824
0.120 2.354
0.130 2.874
0.140 3.459
0.150 3.641
0.160 0.516
0.170 2.992
0.180 3.217
0.190 3.386
0.200 3.286
0.210 3.037
0.220 3.625
0.230 1.846
0.240 1.980
0.250 2.711
0.260 2.552
0.270 3.931
0.280 3.543
0.290 3.525
0.300 2.309
0.310 2.934
0.320 4.409
0.330 3.023
0.340 3.967
0.350 3.153
0.360 4.174
0.370 2.988
0.380 4.289
0.390 3.622
0.400 3.633
0.410 4.744
0.420 3.285
0.430 2.273
0.440 4.051
0.450 2.659
0.460 3.249
0.470 5.136
0.480 6.025
0.490 20.234
0.501 94.302
0.511 17.037
0.521 6.355
0.531 5.556
0.541 4.908
0.551 2.817
0.561 3.913
0.571 4.532
0.581 4.005
0.591 2.805
0.601 3.941
0.611 4.689
0.621 4.208
0.631 4.071
0.641 4.403
0.651 4.254
0.661 2.713
0.671 4.808
0.681 4.915
0.691 3.257
0.701 5.050
0.711 3.684
0.721 6.032
0.731 3.634
0.741 3.594
0.751 2.257
0.761 4.635
0.771 4.592
0.781 3.550
0.791 5.108
0.801 4.583
0.811 3.228
0.821 2.869
0.831 4.419
0.841 4.713
0.851 1.225
0.861 4.656
0.871 5.669
0.881 4.784
0.891 4.148
0.901 5.445
0.911 4.331
0.921 4.038
0.931 4.321
0.941 5.644
0.951 4.820
0.961 5.398
0.971 3.386
0.981 2.315
0.991 3.925
1.001 4.300
1.011 3.962
1.021 5.052
1.031 5.092
1.041 4.943
1.051 5.018
1.061 5.188
1.071 5.079
1.081 4.065
1.091 5.224
1.101 5.071
1.111 3.975
1.121 4.880
1.131 5.292
1.141 5.972
1.151 3.521
1.161 4.882
1.171 5.810
1.181 5.275
1.191 4.840
1.201 4.033
1.211 3.282
1.221 2.870
1.231 4.681
1.241 5.519
1.251 3.894
1.261 6.118
1.271 4.494
1.281 4.095
1.291 5.657
1.301 4.631
1.311 4.288
1.321 5.326
1.331 5.207
1.341 4.889
1.351 5.061
1.361 4.075
1.371 4.894
1.381 4.830
1.391 5.023
1.401 5.396
1.411 4.994
1.421 4.682
1.431 4.606
1.441 5.728
1.451 4.662
1.461 4.781
1.471 3.479
1.481 6.474
1.491 3.414
1.502 5.977
1.512 4.594
1.522 5.024
1.532 3.423
1.542 5.638
1.552 5.203
1.562 4.432
1.572 5.074
1.582 4.122
1.592 5.669
1.602 5.510
1.612 2.953
1.622 5.194
1.632 4.600
1.642 3.934
1.652 5.550
1.662 5.841
1.672 4.418
1.682 6.378
1.692 4.264
1.702 3.008
1.712 5.588
1.722 6.558
1.732 4.779
1.742 6.027
1.752 5.020
1.762 5.140
1.772 4.972
1.782 7.688
1.792 5.885
1.802 4.127
1.812 6.966
1.822 6.307
1.832 5.692
1.842 4.869
1.852 6.048
1.862 5.893
1.872 6.420
1.882 6.056
1.892 4.944
1.902 3.734
1.912 4.342
1.922 6.105
1.932 4.296
1.942 6.341
1.952 5.420
1.962 4.557
1.972 4.179
1.982 4.277
1.992 5.406
2.002 4.807
2.012 6.196
2.022 5.607
2.032 4.980
2.042 6.201
2.052 5.524
2.062 6.544
2.072 5.537
2.082 5.418
2.092 5.330
2.102 4.941
2.112 6.137
2.122 5.211
2.132 6.572
2.142 5.764
2.152 5.403
2.162 2.638
2.172 4.985
2.182 3.819
2.192 4.567
2.202 4.765
2.212 3.490
2.222 6.211
2.232 6.156
2.242 7.267
2.252 3.816
2.262 5.167
2.272 6.175
2.282 3.970
2.292 4.814
2.302 5.618
2.312 5.389
2.322 6.193
2.332 5.137
2.342 5.813
2.352 4.704
2.362 6.184
2.372 5.147
2.382 4.431
2.392 6.749
2.402 3.869
2.412 5.382
2.422 6.052
2.432 6.231
2.442 6.084
2.452 5.704
2.462 5.928
2.472 4.459
2.482 4.667
2.492 5.174
2.503 5.424
2.513 4.434
2.523 3.068
2.533 6.097
2.543 5.897
2.553 6.031
2.563 3.656
2.573 4.551
2.583 3.645
2.593 6.073
2.603 5.568
2.613 5.268
2.623 6.284
2.633 4.510
2.643 5.914
2.653 5.412
2.663 6.924
2.673 5.346
2.683 4.697
2.693 4.169
2.703 5.761
2.713 5.672
2.723 5.691
2.733 4.713
2.743 3.958
2.753 4.416
2.763 5.979
2.773 6.676
2.783 6.764
2.793 5.472
2.803 5.209
2.813 7.575
2.823 3.357
2.833 4.459
2.843 4.995
2.853 5.361
2.863 5.942
2.873 4.625
2.883 6.567
2.893 6.511
2.903 5.517
2.913 7.992
2.923 5.173
2.933 9.889
2.943 9.169
2.953 10.942
2.963 11.043
2.973 13.912
2.983 17.315
2.993 19.589
3.003 24.061
3.013 18.630
3.023 16.843
3.033 13.389
3.043 9.092
3.053 10.899
3.063 9.525
3.073 8.459
3.083 7.303
3.093 5.286
3.103 6.051
3.113 5.590
3.123 6.265
3.133 5.171
3.143 4.526
3.153 3.772
3.163 6.509
3.173 4.464
3.183 5.311
3.193 6.547
3.203 5.475
3.213 6.150
3.223 3.795
3.233 4.863
3.243 6.634
3.253 6.316
3.263 5.409
3.273 5.790
3.283 3.689
3.293 4.452
3.303 5.490
3.313 4.958
3.323 6.089
3.333 6.673
3.343 5.481
3.353 5.287
3.363 2.828
3.373 5.216
3.383 3.693
3.393 5.072
3.403 5.281
3.413 5.629
3.423 4.579
3.433 5.702
3.443 4.322
3.453 4.760
3.463 3.550
3.473 5.542
3.483 5.011
3.493 3.313
3.504 5.281
3.514 5.004
3.524 4.784
3.534 5.521
3.544 4.762
3.554 4.720
3.564 4.253
3.574 6.098
3.584 5.705
3.594 6.821
3.604 5.056
3.614 5.847
3.624 3.895
3.634 5.942
3.644 4.241
3.654 6.247
3.664 4.808
3.674 5.957
3.684 4.112
3.694 4.978
3.704 4.767
3.714 6.064
3.724 5.099
3.734 4.689
3.744 5.142
3.754 5.873
3.764 5.325
3.774 4.737
3.784 4.770
3.794 5.352
3.804 4.857
3.814 3.540
3.824 6.150
3.834 3.981
3.844 4.388
3.854 4.656
3.864 5.245
3.874 5.284
3.884 5.806
3.894 5.173
3.904 3.587
3.914 4.548
3.924 4.961
3.934 4.070
3.944 3.937
3.954 4.935
3.964 5.421
3.974 4.732
3.984 5.223
3.994 5.756
4.004 4.901
4.014 5.258
4.024 3.730
4.034 4.629
4.044 3.353
4.054 4.274
4.064 4.417
4.074 5.642
4.084 6.199
4.094 4.485
4.104 4.274
4.114 5.626
4.124 3.566
4.134 4.280
4.144 2.867
4.154 4.263
4.164 4.577
4.174 3.303
4.184 6.163
4.194 3.720
4.204 3.162
4.214 5.445
4.224 4.772
4.234 5.473
4.244 4.037
4.254 4.263
4.264 4.252
4.274 6.043
4.284 5.404
4.294 5.450
4.304 7.154
4.314 3.264
4.324 3.692
4.334 5.457
4.344 4.902
4.354 4.422
4.364 4.549
4.374 4.333
4.384 5.138
4.394 4.552
4.404 5.039
4.414 5.531
4.424 5.706
4.434 4.409
4.444 5.356
4.454 3.626
4.464 3.301
4.474 4.986
4.484 5.846
4.494 5.556
4.505 2.237
4.515 4.298
4.525 3.662
4.535 5.028
4.545 3.109
4.555 3.583
4.565 4.903
4.575 3.623
4.585 5.237
4.595 4.809
4.605 3.751
4.615 4.275
4.625 3.552
4.635 2.281
4.645 4.532
4.655 4.481
4.665 4.943
4.675 3.030
4.685 4.286
4.695 4.888
4.705 6.056
4.715 4.649
4.725 4.489
4.735 3.723
4.745 3.278
4.755 4.975
4.765 3.289
4.775 5.156
4.785 4.330
4.795 3.098
4.805 5.294
4.815 4.455
4.825 6.264
4.835 4.077
4.845 7.460
4.855 3.607
4.865 5.077
4.875 5.378
4.885 5.774
4.895 4.198
4.905 5.264
4.915 5.142
4.925 5.476
4.935 3.839
4.945 4.394
4.955 1.832
4.965 3.499
4.975 3.666
4.985 4.486
4.995 3.968
5.005 3.183
5.015 5.540
5.025 6.303
5.035 3.020
5.045 4.863
5.055 2.530
5.065 6.319
5.075 4.958
5.085 2.692
5.095 4.447
5.105 5.120
5.115 4.378
5.125 3.910
5.135 5.715
5.145 5.746
5.155 5.324
5.165 5.191
5.175 3.716
5.185 5.443
5.195 7.120
5.205 5.019
5.215 2.609
5.225 5.327
5.235 5.589
5.245 5.425
5.255 4.315
5.265 5.810
5.275 4.797
5.285 4.945
5.295 5.533
5.305 5.001
5.315 3.643
5.325 5.088
5.335 4.373
5.345 4.456
5.355 4.214
5.365 4.365
5.375 5.217
5.385 4.823
5.395 3.699
5.405 2.078
5.415 6.442
5.425 7.258
5.435 4.953
5.445 5.345
5.455 5.065
5.465 6.070
5.475 5.604
5.485 3.258
5.495 6.203
5.506 6.608
5.516 3.016
5.526 4.635
5.536 4.715
5.546 4.716
5.556 6.769
5.566 4.492
5.576 3.319
5.586 4.837
5.596 4.360
5.606 6.290
5.616 6.168
5.626 4.339
5.636 3.668
5.646 5.507
5.656 4.894
5.666 4.183
5.676 2.775
5.686 6.395
5.696 4.947
5.706 3.864
5.716 4.158
5.726 6.224
5.736 7.069
5.746 4.857
5.756 5.911
5.766 5.265
5.776 6.015
5.786 5.626
5.796 5.414
5.806 5.265
5.816 6.478
5.826 5.752
5.836 3.789
5.846 6.138
5.856 5.329
5.866 3.079
5.876 4.446
5.886 5.928
5.896 5.434
5.906 5.912
5.916 3.340
5.926 4.434
5.936 6.594
5.946 5.176
5.956 5.163
5.966 4.321
5.976 4.495
5.986 4.638
5.996 4.534
6.006 4.727
6.016 3.607
6.026 5.450
6.036 6.836
6.046 6.377
6.056 4.909
6.066 4.426
6.076 5.584
6.086 3.426
6.096 4.182
6.106 5.769
6.116 6.938
6.126 4.913
6.136 6.633
6.146 4.535
6.156 6.759
6.166 6.667
6.176 6.829
6.186 6.153
6.196 6.662
6.206 4.387
6.216 5.263
6.226 6.747
6.236 3.816
6.246 3.568
6.256 5.653
6.266 4.669
6.276 4.405
6.286 5.644
6.296 5.031
6.306 4.130
6.316 4.469
6.326 7.753
6.336 6.214
6.346 4.963
6.356 7.334
6.366 5.659
6.376 8.234
6.386 4.047
6.396 6.322
6.406 5.714
6.416 6.377
6.426 4.450
6.436 5.471
6.446 5.797
6.456 6.050
6.466 4.225
6.476 4.932
6.486 6.294
6.496 5.450
6.507 4.976
6.517 4.964
6.527 3.825
6.537 4.458
6.547 7.800
6.557 4.544
6.567 5.954
6.577 6.802
6.587 7.411
6.597 4.549
6.607 4.360
6.617 6.069
6.627 6.221
6.637 4.347
6.647 5.987
6.657 3.974
6.667 7.605
6.677 3.558
6.687 6.147
6.697 5.505
6.707 5.505
6.717 6.001
6.727 5.526
6.737 6.619
6.747 7.129
6.757 6.044
6.767 5.704
6.777 6.099
6.787 4.552
6.797 9.185
6.807 8.799
6.817 6.016
6.827 5.845
6.837 3.180
6.847 7.526
6.857 6.139
6.867 5.584
6.877 4.800
6.887 6.474
6.897 5.872
6.907 6.968
6.917 4.228
6.927 5.639
6.937 6.762
6.947 5.448
6.957 5.251
6.967 6.481
6.977 5.734
6.987 6.275
6.997 7.498
7.007 4.808
7.017 6.205
7.027 4.957
7.037 5.421
7.047 7.651
7.057 4.163
7.067 6.466
7.077 5.658
7.087 4.606
7.097 5.958
7.107 5.730
7.117 6.190
7.127 5.377
7.137 6.035
7.147 6.444
7.157 7.973
7.167 5.384
7.177 6.329
7.187 5.702
7.197 4.705
7.207 6.232
7.217 7.406
7.227 4.305
7.237 5.327
7.247 5.365
7.257 5.192
7.267 6.786
7.277 6.765
7.287 5.909
7.297 6.110
7.307 7.128
7.317 6.119
7.327 5.851
7.337 6.380
7.347 7.062
7.357 7.906
7.367 6.110
7.377 7.396
7.387 6.794
7.397 5.797
7.407 6.930
7.417 7.414
7.427 6.149
7.437 5.840
7.447 6.110
7.457 5.105
7.467 4.483
7.477 5.332
7.487 7.621
7.497 5.952
7.508 6.927
7.518 4.830
7.528 7.587
7.538 4.347
7.548 7.864
7.558 5.894
7.568 6.646
7.578 6.131
7.588 4.935
7.598 6.287
7.608 5.188
7.618 7.854
7.628 6.122
7.638 5.917
7.648 6.206
7.658 7.463
7.668 7.063
7.678 6.084
7.688 4.801
7.698 7.518
7.708 4.166
7.718 7.776
7.728 7.224
7.738 4.650
7.748 6.215
7.758 6.477
7.768 6.116
7.778 5.789
7.788 5.596
7.798 5.104
7.808 5.468
7.818 6.276
7.828 6.393
7.838 5.395
7.848 6.157
7.858 7.347
7.868 7.559
7.878 7.682
7.888 6.330
7.898 7.689
7.908 5.943
7.918 6.866
7.928 5.744
7.938 5.459
7.948 6.000
7.958 4.396
7.968 7.610
7.978 7.635
7.988 6.797
7.998 5.931
8.008 4.980
8.018 7.008
8.028 4.585
8.038 6.954
8.048 5.778
8.058 5.230
8.068 8.314
8.078 6.747
8.088 6.692
8.098 7.149
8.108 5.165
8.118 4.957
8.128 7.377
8.138 6.376
8.148 7.782
8.158 6.318
8.168 8.086
8.178 7.099
8.188 5.971
8.198 7.281
8.208 7.021
8.218 6.662
8.228 5.613
8.238 6.320
8.248 8.672
8.258 5.756
8.268 6.916
8.278 4.581
8.288 6.327
8.298 6.933
8.308 6.117
8.318 5.709
8.328 6.404
8.338 4.285
8.348 5.480
8.358 6.436
8.368 6.285
8.378 5.874
8.388 6.589
8.398 4.423
8.408 4.985
8.418 5.487
8.428 7.496
8.438 5.872
8.448 6.778
8.458 6.936
8.468 5.706
8.478 6.455
8.488 4.779
8.498 5.519
8.509 4.870
8.519 5.265
8.529 5.236
8.539 6.996
8.549 6.134
8.559 7.529
8.569 5.641
8.579 4.963
8.589 6.026
8.599 4.940
8.609 6.868
8.619 4.754
8.629 5.503
8.639 3.835
8.649 5.058
8.659 6.442
8.669 5.383
8.679 5.458
8.689 5.242
8.699 5.004
8.709 5.283
8.719 4.217
8.729 5.678
8.739 6.048
8.749 5.928
8.759 3.610
8.769 5.185
8.779 4.988
8.789 8.570
8.799 7.235
8.809 5.446
8.819 7.284
8.829 6.768
8.839 6.744
8.849 5.617
8.859 5.928
8.869 7.074
8.879 4.680
8.889 6.771
8.899 5.231
8.909 5.914
8.919 5.077
8.929 5.804
8.939 4.430
8.949 7.642
8.959 5.672
8.969 7.154
8.979 7.857
8.989 7.099
8.999 5.626
9.009 4.820
9.019 5.043
9.029 6.869
9.039 6.400
9.049 4.896
9.059 5.691
9.069 5.588
9.079 7.038
9.089 5.966
9.099 3.994
9.109 7.148
9.119 4.725
9.129 4.889
9.139 5.421
9.149 6.766
9.159 6.330
9.169 6.070
9.179 5.625
9.189 4.233
9.199 4.665
9.209 6.752
9.219 5.392
9.229 4.623
9.239 7.095
9.249 4.959
9.259 4.947
9.269 6.216
9.279 5.139
9.289 5.972
9.299 5.145
9.309 4.712
9.319 5.208
9.329 5.052
9.339 3.824
9.349 5.478
9.359 5.191
9.369 5.450
9.379 4.122
9.389 4.867
9.399 4.356
9.409 5.991
9.419 7.031
9.429 6.349
9.439 3.921
9.449 4.067
9.459 5.782
9.469 3.593
9.479 3.418
9.489 5.402
9.499 5.894
9.510 4.171
9.520 5.586
9.530 4.041
9.540 5.044
9.550 4.340
9.560 4.492
9.570 6.047
9.580 5.622
9.590 4.758
9.600 3.749
9.610 4.310
9.620 5.249
9.630 4.053
9.640 5.999
9.650 5.752
9.660 4.463
9.670 4.601
9.680 4.367
9.690 6.042
9.700 4.806
9.710 6.050
9.720 3.633
9.730 4.686
9.740 3.932
9.750 3.950
9.760 3.888
9.770 4.537
9.780 3.876
9.790 5.313
9.800 3.846
9.810 1.910
9.820 5.958
9.830 4.561
9.840 4.976
9.850 3.821
9.860 5.309
9.870 4.317
9.880 4.825
9.890 4.619
9.900 4.236
9.910 5.135
9.920 6.214
9.930 5.609
9.940 3.896
9.950 3.804
9.960 4.121
9.970 4.114
9.980 4.116
9.990 4.800
10.000 6.223
