12.486 19.387
8.184 23.854
12.195 14.544
9.229 19.819
11.274 22.953
7.634 20.227
7.472 20.206
6.984 26.108
11.077 18.578
5.754 22.372
5.555 23.102
6.585 21.717
7.552 17.378
12.540 22.561
13.390 16.404
5.186 21.897
15.315 14.195
14.283 12.142
10.693 18.242
10.392 22.619
6.423 20.032
13.144 14.853
10.809 13.576
14.393 12.819
12.037 16.865
10.844 17.418
6.991 22.416
10.394 19.839
11.636 22.277
10.475 24.100
10.730 18.095
6.862 25.139
13.956 14.289
8.382 26.276
8.553 22.213
8.926 15.612
1.991 26.718
6.275 21.018
11.190 23.844
5.137 24.754
6.380 23.560
9.682 19.638
10.428 14.374
12.139 18.703
11.374 19.928
15.739 12.920
10.979 20.520
10.697 17.852
10.617 23.760
11.592 17.945
12.357 17.422
10.528 18.727
7.675 22.180
9.262 23.555
7.304 22.046
14.282 15.269
7.296 22.916
11.599 21.662
6.746 25.102
9.549 21.319
18.026 16.952
10.985 14.558
8.445 20.231
16.424 13.055
5.577 26.749
7.048 24.354
7.083 26.023
13.935 14.679
7.415 21.983
8.538 24.195
11.094 19.406
11.759 19.028
11.914 17.124
6.347 28.199
10.106 25.058
6.634 24.523
4.523 25.331
9.646 20.863
5.090 28.253
10.135 19.388
8.750 21.738
5.930 22.854
11.557 17.891
6.463 24.691
15.775 11.958
5.675 22.956
16.020 14.410
10.762 20.004
5.721 21.821
12.599 16.121
10.134 20.406
11.927 18.878
11.454 16.758
8.132 21.471
12.412 15.628
10.524 13.433
12.313 19.705
3.830 24.706
10.422 18.304
11.967 18.944
7.408 23.083
8.468 18.155
13.108 18.026
3.492 26.398
6.998 20.653
11.917 20.725
15.473 14.189
3.258 22.108
10.597 16.165
9.975 18.901
14.591 19.837
4.456 26.794
13.287 19.260
8.291 20.778
17.010 16.476
7.504 21.691
12.971 15.985
3.774 26.508
13.549 15.189
4.243 23.105
14.379 10.370
14.532 12.611
9.628 22.281
12.875 19.756
11.059 21.088
8.518 22.611
9.260 14.502
2.828 25.206
7.474 24.697
11.237 23.801
9.797 18.644
6.618 20.580
14.354 13.474
18.001 15.230
13.511 12.372
12.859 12.242
10.042 24.330
9.021 16.523
9.796 19.522
13.929 12.404
11.038 15.842
10.223 21.095
15.634 13.531
14.782 15.168
9.054 20.070
11.077 23.860
13.827 19.652
12.813 13.062
7.631 17.026
8.167 18.310
8.038 23.634
10.445 17.246
6.039 24.746
5.916 24.897
3.127 28.047
11.283 17.358
13.016 16.253
6.681 22.833
16.894 10.946
8.056 21.326
11.944 16.327
8.471 22.205
15.327 14.622
9.015 20.727
7.348 23.190
8.728 20.767
4.717 26.853
14.400 19.762
11.712 18.105
13.609 13.069
10.970 21.743
16.315 17.465
11.109 16.620
9.506 23.616
7.493 24.442
5.632 22.626
9.945 21.199
14.758 22.668
9.864 18.210
11.342 18.882
3.035 30.534
14.872 16.795
12.681 22.185
7.654 26.361
8.602 20.641
7.512 19.335
5.669 23.301
13.875 18.635
10.436 20.754
7.565 16.849
13.606 12.799
16.740 10.412
7.741 22.964
6.007 22.286
5.198 23.199
10.937 15.321
12.656 13.507
11.341 24.718
10.447 20.002
10.759 22.051
10.859 22.562
9.967 19.552
6.689 26.254
16.722 13.538
5.695 25.640
8.753 20.903
4.294 26.050
9.100 19.824
3.570 21.802
10.848 17.853
8.677 22.143
7.159 16.582
5.544 22.440
10.845 17.132
12.705 15.877
6.343 23.581
6.082 18.663
13.233 17.875
12.415 19.022
7.992 17.625
8.167 24.007
12.542 20.053
10.161 15.998
8.078 25.656
14.907 13.226
15.416 16.116
12.649 18.621
9.327 18.406
12.943 23.424
9.295 17.874
13.756 18.376
2.599 28.096
9.406 21.122
12.612 18.890
15.118 21.945
8.525 20.885
10.486 19.314
5.530 24.340
9.023 23.350
9.263 23.481
12.435 12.797
7.739 21.591
4.156 27.084
4.648 23.330
12.053 17.877
9.963 18.161
8.419 18.484
9.842 21.143
6.905 21.207
13.542 17.164
4.991 16.864
12.595 19.205
8.159 20.545
12.871 15.180
8.293 19.938
2.955 25.523
8.931 22.287
8.350 21.709
12.342 17.098
7.290 24.546
7.749 23.409
8.669 20.360
12.174 16.166
7.559 23.378
10.636 19.714
3.260 22.461
6.576 22.110
9.541 19.052
12.405 22.062
8.062 21.905
14.307 19.575
8.347 25.718
6.129 17.942
12.417 17.595
7.317 20.733
10.990 20.406
9.025 21.428
3.047 24.807
7.563 21.032
10.284 17.044
11.640 21.616
14.640 16.011
10.093 19.175
10.087 19.443
11.506 16.500
8.360 23.916
9.580 20.180
6.508 26.104
14.051 23.010
9.538 20.059
11.862 23.123
7.717 22.802
8.302 19.669
9.065 26.694
12.736 18.897
6.016 19.053
9.145 21.787
13.862 20.927
12.268 27.264
4.154 25.192
10.301 17.033
10.639 17.779
9.550 17.566
8.278 19.292
13.071 19.577
7.618 23.858
7.902 21.599
11.351 16.128
11.340 21.449
7.680 26.544
12.640 21.931
9.711 18.386
15.564 16.030
9.503 24.341
7.739 20.088
11.068 18.715
8.830 23.163
11.380 18.949
8.409 19.717
10.946 22.296
9.648 18.778
10.527 18.402
8.906 14.918
6.137 25.312
9.304 24.696
7.528 24.134
9.661 24.413
14.036 24.259
11.879 12.433
15.528 13.552
7.299 25.449
8.036 22.261
10.974 20.226
13.757 20.922
7.676 23.842
9.100 18.369
10.770 20.628
8.585 22.493
9.475 22.665
11.999 22.884
10.825 21.651
8.753 23.934
10.875 18.468
9.213 19.520
15.915 15.897
10.738 20.127
9.876 19.633
8.523 21.948
9.403 24.586
11.166 21.910
7.142 17.845
9.864 26.154
8.650 23.895
9.768 19.978
12.569 23.239
7.253 25.102
12.270 21.905
12.775 13.675
9.988 21.290
7.423 22.112
7.250 23.326
9.862 20.369
4.248 28.983
12.459 18.329
6.070 21.556
15.576 18.702
6.820 19.255
8.303 19.311
6.717 25.584
7.236 25.234
8.147 19.858
8.548 18.451
4.832 26.102
9.055 22.027
6.747 21.640
10.144 17.065
8.068 23.517
7.658 20.012
12.039 10.856
11.259 16.309
9.120 20.353
10.886 23.141
9.602 20.431
9.657 18.827
13.494 19.423
16.777 17.538
10.441 22.339
7.646 21.452
15.613 16.490
7.342 18.677
10.455 24.130
10.494 17.102
12.781 10.958
7.095 26.452
3.744 27.188
11.576 16.568
12.677 18.811
12.193 16.643
13.912 16.572
8.572 24.477
9.302 23.687
7.734 23.017
9.310 20.025
15.570 15.829
6.802 27.254
9.404 24.276
9.099 17.287
6.186 24.219
11.611 19.948
12.288 15.069
12.322 18.992
16.208 14.813
1.499 28.407
9.245 22.848
9.376 23.704
12.938 18.508
11.221 15.877
9.366 20.986
17.610 14.078
2.838 25.568
7.016 24.658
8.877 19.718
16.256 24.119
11.880 23.525
12.328 16.168
9.460 18.042
7.227 23.257
12.538 23.043
13.000 17.486
12.822 17.546
8.548 19.967
15.134 19.273
16.852 26.840
10.674 13.912
7.479 22.035
14.661 15.935
8.688 24.350
12.044 23.030
9.770 19.195
7.931 22.717
12.736 18.039
14.574 20.022
0.727 24.711
10.031 28.625
3.791 27.623
8.453 19.675
11.604 18.387
10.565 18.360
5.833 25.296
10.700 23.049
11.483 24.330
11.874 22.537
5.739 26.745
10.373 16.858
7.372 22.410
5.476 24.070
13.248 18.239
14.337 11.918
12.578 15.662
10.898 21.308
10.250 19.668
11.423 19.887
10.219 21.281
11.027 17.621
12.209 19.538
4.639 17.597
11.292 18.908
10.423 16.853
12.004 14.062
13.016 17.119
14.610 11.691
9.462 22.027
12.934 15.603
10.990 14.749
10.029 21.918
13.056 16.587
9.760 17.365
16.586 12.344
10.844 16.773
10.061 20.878
13.906 18.724
12.207 25.302
13.469 15.580
13.375 15.554
9.250 20.526
15.304 14.703
7.165 20.118
12.245 17.645
10.639 18.119
10.672 21.753
11.966 18.981
7.910 24.325
9.747 22.123
13.526 14.363
12.754 17.023
9.792 20.558
5.162 25.597
11.406 21.717
10.738 14.457
13.470 14.077
14.437 17.180
10.598 20.377
9.514 21.134
8.948 15.362
8.374 26.427
13.998 14.049
7.928 28.467
10.687 14.730
7.689 22.236
8.313 20.313
17.809 13.089
9.525 17.973
12.264 13.046
13.259 18.043
11.789 15.806
8.150 21.424
8.497 26.035
9.191 22.644
9.973 20.553
10.570 16.480
9.387 23.236
15.967 13.418
10.090 18.668
6.918 27.248
8.234 22.241
6.820 21.660
10.040 20.356
10.989 17.003
10.826 21.379
13.754 10.492
12.032 17.763
8.823 21.336
13.219 18.856
10.442 18.680
12.084 19.116
6.940 22.522
9.491 15.677
11.247 20.137
5.795 24.340
9.522 24.379
6.044 23.732
11.323 14.743
10.404 16.259
3.630 27.432
7.842 19.659
12.296 13.339
10.435 17.625
13.993 15.576
10.479 23.290
7.358 24.198
8.930 13.084
8.910 20.371
10.917 17.467
11.768 15.506
8.488 22.843
9.210 18.225
7.313 24.083
11.522 17.833
12.597 14.420
14.210 23.635
9.252 22.218
13.199 14.007
11.935 18.069
9.930 18.850
7.541 23.017
10.020 18.593
10.923 18.676
6.009 24.126
17.052 15.912
11.710 18.530
8.308 18.871
11.328 20.162
12.799 17.609
10.369 23.163
12.917 20.222
10.708 20.580
10.115 24.035
10.895 14.822
6.776 19.952
9.274 20.852
7.905 19.733
9.652 20.521
11.478 19.245
8.308 24.143
16.783 28.943
8.492 21.316
14.067 12.806
13.443 20.892
9.056 22.312
12.930 15.174
6.562 21.421
11.481 16.577
13.724 14.151
10.338 19.682
9.934 21.087
7.393 28.095
10.269 14.566
8.341 18.018
8.140 12.423
5.593 22.497
10.421 17.236
9.230 22.348
13.433 18.165
6.789 27.169
3.858 25.179
13.445 17.076
8.021 21.159
8.577 24.070
14.709 10.786
12.781 25.440
12.508 16.280
10.617 21.816
7.317 24.443
7.562 23.724
6.866 26.442
8.973 19.304
9.606 21.482
9.156 19.032
8.188 22.660
12.072 19.105
11.302 17.288
12.956 19.114
8.503 23.263
12.831 17.834
6.946 24.640
8.878 23.151
8.492 15.783
12.416 15.977
7.043 29.369
11.202 23.176
11.628 20.272
6.481 27.731
11.657 16.293
2.721 28.411
12.834 21.352
7.511 22.640
9.610 25.629
18.648 11.884
7.367 14.928
8.773 21.036
5.639 25.607
9.421 18.691
11.776 22.077
12.902 19.085
11.805 20.084
7.774 20.529
12.223 18.044
10.212 13.198
8.406 24.811
4.802 28.420
13.224 17.993
10.871 21.869
18.189 30.506
10.392 16.447
10.428 21.920
11.735 17.628
13.566 14.325
7.933 20.000
12.023 15.037
7.306 21.056
7.253 19.382
12.766 15.869
11.078 21.698
4.947 20.376
6.682 25.010
13.869 15.602
8.770 24.071
8.342 24.111
13.894 12.367
3.996 23.470
13.307 14.267
4.992 22.539
7.151 20.830
3.777 25.063
7.786 19.279
10.968 16.963
9.465 18.691
11.207 19.097
12.791 19.762
9.807 14.097
10.390 20.101
6.617 22.064
10.259 18.994
11.997 21.467
9.652 21.860
12.129 17.351
8.414 19.635
13.431 13.224
14.000 17.430
12.830 14.157
10.744 22.059
9.109 20.373
8.537 25.565
12.278 14.276
14.780 14.150
7.935 25.049
8.565 20.215
12.905 22.615
11.995 15.193
2.660 30.458
8.228 21.048
6.498 21.989
4.066 25.688
12.556 21.060
11.048 23.930
7.320 19.755
12.823 19.305
13.254 17.074
8.560 15.037
14.075 18.937
13.400 11.426
10.385 20.794
14.660 13.786
10.216 21.645
11.834 22.245
9.247 20.592
10.717 20.877
11.021 19.889
5.828 25.974
9.734 20.076
10.292 18.811
8.482 25.597
11.273 19.692
9.100 18.694
9.431 22.179
11.254 19.867
14.275 16.543
11.669 19.081
7.855 22.477
14.851 17.529
8.153 21.649
15.165 13.377
13.368 18.396
8.430 22.318
13.221 15.175
9.251 21.453
13.049 19.157
12.356 23.908
7.247 22.047
13.108 20.367
6.286 21.781
14.389 11.569
10.877 17.922
8.436 23.033
9.436 17.574
8.317 18.241
8.974 22.046
12.129 21.925
13.657 17.943
6.288 19.889
10.697 20.232
13.600 21.032
7.909 25.286
10.534 16.803
16.397 8.941
4.821 20.013
8.758 20.866
6.683 25.260
11.889 20.310
10.124 20.916
10.583 21.108
9.913 18.305
11.730 23.168
10.884 17.665
8.661 24.873
10.493 20.911
5.682 26.398
9.250 19.971
8.240 21.226
14.844 16.094
13.540 16.681
9.414 20.375
8.899 22.236
10.349 18.092
13.500 17.547
5.402 27.474
6.941 22.904
14.100 17.377
7.639 23.034
10.004 21.781
5.405 22.591
13.366 15.524
5.995 24.382
12.060 16.309
5.067 23.368
9.499 17.686
11.467 17.315
7.577 18.662
3.262 26.308
17.567 16.080
10.126 14.018
12.707 15.737
12.751 17.824
10.376 23.980
5.465 24.798
7.410 21.068
11.757 19.536
9.337 16.456
7.998 22.277
14.495 18.662
7.855 22.766
13.558 17.823
8.479 19.807
15.056 10.907
11.608 21.489
12.132 13.170
10.078 21.353
7.017 16.628
13.367 17.723
5.903 24.517
9.700 20.976
8.683 20.652
12.788 19.250
11.703 17.524
14.690 13.885
6.239 23.364
2.806 24.908
11.283 21.017
10.571 19.216
9.189 22.700
6.760 25.063
17.501 23.783
8.150 20.759
15.354 13.431
10.734 18.951
11.262 24.103
6.816 20.380
11.023 23.082
2.919 28.191
7.591 19.966
11.945 12.378
8.652 23.222
14.522 15.270
9.959 17.126
9.366 21.000
12.103 14.031
8.320 24.500
3.575 25.652
9.139 19.347
10.218 18.872
13.523 13.659
12.283 12.400
16.042 14.645
11.710 12.358
6.435 22.231
6.547 24.361
9.510 24.525
7.853 17.270
10.578 16.550
10.715 23.249
10.792 15.237
10.818 14.930
6.530 23.216
8.344 26.812
11.051 19.924
13.202 16.520
5.899 21.905
14.883 14.313
9.315 21.584
14.279 15.203
8.518 23.333
4.729 26.998
15.523 16.784
15.529 13.666
16.953 14.284
11.107 18.843
7.265 16.570
11.304 22.504
14.626 17.327
5.225 25.358
6.005 25.777
13.428 17.647
5.552 23.351
6.226 20.603
7.485 17.870
7.926 22.047
15.087 14.484
11.636 20.605
6.977 20.042
6.263 21.476
6.127 24.604
14.030 27.613
10.483 22.646
8.978 21.769
10.232 19.972
11.180 15.888
8.692 22.006
6.391 21.141
13.901 13.525
10.120 18.465
10.463 20.418
11.918 18.674
11.160 17.082
15.250 11.925
14.273 14.718
14.452 12.816
12.287 17.578
10.403 18.917
11.877 17.950
11.017 16.363
12.948 16.703
9.552 15.518
12.189 19.211
9.894 19.382
10.563 20.884
6.068 20.470
18.260 15.002
13.235 17.889
12.986 19.205
11.025 20.488
13.415 17.493
9.535 26.210
8.071 21.608
13.646 17.467
9.200 21.150
11.052 15.630
12.668 15.965
8.529 16.181
7.068 23.845
6.107 20.856
10.220 18.318
7.790 19.144
14.926 16.436
10.556 17.838
9.035 22.472
12.916 16.565
9.680 18.449
3.039 27.374
10.608 19.971
11.231 19.166
12.426 17.328
8.238 22.399
7.864 23.563
8.868 20.198
10.623 19.882
6.912 19.666
10.420 16.589
11.080 16.980
8.637 21.655
15.641 11.446
5.484 24.000
4.976 22.871
7.999 21.559
14.794 17.166
14.217 14.998
10.938 19.230
9.220 21.276
7.865 20.056
9.420 20.238
7.322 19.339
3.740 29.024
8.507 20.644
8.120 20.226
12.000 14.869
6.397 20.150
11.209 19.305
10.261 20.649
12.056 23.879
7.561 24.333
16.172 23.366
10.474 21.961
6.317 22.813
12.078 20.357
9.304 21.221
10.602 25.059
14.296 12.252
10.262 21.161
12.033 20.905
6.221 28.554
3.854 24.365
11.648 21.515
3.660 23.259
7.611 24.905
14.040 16.772
8.040 20.961
10.833 21.202
15.098 16.348
7.855 19.807
6.695 19.466
7.917 23.408
12.238 21.019
11.486 19.603
10.029 20.411
12.744 18.107
8.186 18.208
12.992 21.451
13.857 15.192
12.284 17.188
14.332 8.761
10.518 24.610
9.280 17.333
11.323 10.781
9.282 22.534
9.825 23.410
6.967 17.980
11.266 18.529
10.514 17.619
11.771 15.545
7.331 19.851
11.870 15.914
10.415 24.054
10.550 20.362
6.892 23.170
10.996 15.369
8.124 19.882
6.186 30.933
10.670 19.178
8.060 20.962
8.805 17.617
9.798 16.666
